year,month,day
1892,January,16
1892,January,17
1892,January,18
1892,January,19
1892,January,20
1892,January,21
1892,January,24
1892,January,25
1892,January,26
1892,January,27
1892,February,2
1892,February,3
1892,February,6
1892,February,7
1892,February,12
1892,February,13
1892,February,14
1892,February,15
1892,February,16
1892,February,18
1892,February,19
1892,February,21
1892,February,23
1892,February,25
1892,February,29
1892,March,1
1892,March,5
1892,March,6
1892,April,13
1892,April,15
1892,April,16
1892,April,17
1892,April,18
1892,April,19
1892,April,20
1892,April,24
1892,April,28
1892,April,29
1892,April,30
1892,May,4
1892,May,5
1892,May,6
1892,May,7
1892,May,13
1892,May,15
1892,May,16
1892,May,17
1892,May,21
1892,May,22
1892,May,23
1892,May,26
1892,May,27
1892,June,1
1892,June,3
1892,June,4
1892,June,7
1892,June,8
1892,June,9
1892,June,11
1892,June,12
1892,June,13
1892,June,17
1892,June,18
1892,June,19
1892,June,28
1892,June,29
1892,November,1
1892,November,2
1892,November,6
1892,November,7
1892,November,11
1892,November,12
1892,November,15
1892,November,17
1892,November,20
1892,November,21
1892,November,22
1892,November,24
1892,November,28
1892,November,29
1892,December,3
1892,December,4
1892,December,5
1892,December,11
1892,December,12
1893,January,13
1893,January,14
1893,January,15
1893,January,22
1893,January,23
1893,January,24
1893,January,27
1893,January,28
1893,February,2
1893,February,3
1893,February,4
1893,February,5
1893,February,7
1893,February,8
1893,February,9
1893,February,11
1893,February,13
1893,February,18
1893,February,19
1893,February,24
1893,February,25
1893,March,1
1893,March,5
1893,March,6
1893,March,7
1893,March,8
1893,March,9
1893,March,11
1893,May,29
1893,May,30
1893,June,1
1893,June,2
1893,June,3
1893,June,4
1893,June,8
1893,June,9
1893,June,12
1893,November,20
1893,November,23
1893,November,24
1893,November,25
1893,December,1
1893,December,2
1893,December,3
1893,December,4
1893,December,5
1893,December,11
1893,December,12
1894,January,13
1894,January,14
1894,January,17
1894,January,18
1894,January,19
1894,January,23
1894,January,25
1894,January,26
1894,January,30
1894,February,1
1894,February,2
1894,February,3
1894,February,8
1894,February,9
1894,February,20
1894,February,21
1894,February,24
1894,February,25
1894,February,26
1894,February,27
1894,February,28
1894,March,1
1894,March,2
1894,March,3
1894,March,8
1894,March,9
1894,March,10
1894,April,17
1894,April,18
1894,April,19
1894,April,20
1894,April,21
1894,April,22
1894,April,24
1894,April,25
1894,April,27
1894,May,3
1894,May,6
1894,May,7
1894,May,8
1894,May,12
1894,May,13
1894,May,14
1894,May,15
1894,May,16
1894,May,17
1894,May,18
1894,May,19
1894,May,20
1894,June,25
1894,June,26
1894,June,27
1894,June,30
1894,July,1
1894,July,6
1894,July,7
1894,July,8
1894,July,9
1894,July,10
1894,July,11
1895,January,13
1895,January,14
1895,January,15
1895,January,16
1895,January,17
1895,January,18
1895,January,20
1895,January,21
1895,January,23
1895,January,30
1895,January,31
1895,February,4
1895,February,5
1895,February,10
1895,February,11
1895,February,12
1895,February,14
1895,February,15
1895,February,16
1895,February,19
1895,February,21
1895,February,26
1895,February,27
1895,February,28
1895,March,4
1895,March,5
1895,March,9
1895,March,10
1895,March,12
1895,April,13
1895,April,15
1895,April,16
1895,April,17
1895,April,21
1895,April,22
1895,April,27
1895,April,29
1895,May,3
1895,May,5
1895,May,6
1895,May,7
1895,May,9
1895,May,10
1895,May,11
1895,May,12
1895,May,13
1895,May,14
1895,May,19
1895,May,20
1895,May,21
1895,May,25
1895,May,26
1895,May,30
1895,June,1
1895,June,2
1895,June,3
1895,June,4
1895,June,5
1895,June,6
1895,June,8
1895,June,10
1895,June,11
1895,June,15
1895,June,16
1895,June,17
1895,October,30
1895,October,31
1895,November,4
1895,November,5
1895,November,6
1895,November,10
1895,November,11
1895,November,13
1895,November,14
1895,November,18
1895,November,19
1895,November,21
1895,November,26
1895,November,27
1895,December,1
1895,December,2
1895,December,3
1895,December,9
1895,December,10
1895,December,11
1895,December,12
1896,January,20
1896,January,21
1896,January,25
1896,January,26
1896,January,27
1896,January,31
1896,February,1
1896,February,2
1896,February,3
1896,February,5
1896,February,6
1896,February,7
1896,February,8
1896,February,9
1896,February,10
1896,February,11
1896,February,16
1896,February,17
1896,February,18
1896,February,23
1896,February,27
1896,February,28
1896,February,29
1896,March,3
1896,March,4
1896,March,5
1896,March,7
1896,March,8
1896,March,9
1896,April,16
1896,April,17
1896,April,18
1896,April,22
1896,April,23
1896,April,24
1896,April,25
1896,April,26
1896,April,27
1896,April,28
1896,April,29
1896,April,30
1896,May,1
1896,May,2
1896,May,3
1896,May,9
1896,May,10
1896,November,15
1896,November,16
1896,November,17
1896,November,20
1896,November,21
1896,November,22
1896,November,27
1896,November,29
1896,November,30
1896,December,1
1896,December,2
1896,December,5
1896,December,7
1896,December,12
1897,January,14
1897,January,15
1897,January,16
1897,January,20
1897,January,21
1897,January,23
1897,January,24
1897,January,25
1897,January,27
1897,January,28
1897,January,29
1897,January,30
1897,February,5
1897,February,6
1897,February,7
1897,February,10
1897,February,11
1897,February,17
1897,February,18
1897,February,19
1897,February,21
1897,February,22
1897,February,23
1897,February,24
1897,February,25
1897,February,27
1897,February,28
1897,March,4
1897,March,5
1897,March,6
1897,March,10
1897,March,11
1897,April,14
1897,April,15
1897,April,16
1897,April,17
1897,April,18
1897,April,19
1897,April,21
1897,May,4
1897,May,5
1897,May,10
1897,May,11
1897,May,12
1897,May,13
1897,May,15
1897,May,16
1897,May,17
1897,May,18
1897,May,19
1897,May,20
1897,May,21
1897,May,25
1897,May,26
1897,May,27
1897,June,1
1897,June,6
1897,June,7
1897,June,8
1897,June,9
1897,June,10
1897,June,11
1897,June,12
1897,June,13
1897,June,15
1897,June,16
1897,June,17
1897,June,21
1897,June,22
1897,June,23
1897,July,4
1897,July,5
1897,July,6
1897,July,7
1897,July,8
1897,November,5
1897,November,6
1897,November,11
1897,November,12
1897,November,17
1897,November,18
1897,November,20
1897,November,21
1897,November,22
1897,November,24
1897,November,25
1897,November,27
1897,November,28
1897,December,2
1897,December,3
1897,December,7
1897,December,8
1897,December,9
1897,December,10
1898,April,13
1898,April,14
1898,April,18
1898,April,23
1898,April,24
1898,April,30
1898,May,1
1898,May,2
1898,May,3
1898,May,5
1898,May,7
1898,May,8
1898,May,9
1898,May,10
1898,May,11
1898,May,16
1898,May,17
1898,May,21
1898,May,22
1898,May,23
1898,May,30
1898,May,31
1898,June,1
1898,June,3
1898,June,4
1898,June,5
1898,June,6
1898,June,7
1898,June,11
1898,June,12
1898,June,13
1898,June,24
1898,June,26
1898,June,27
1898,June,28
1898,December,9
1898,December,10
1899,January,16
1899,January,17
1899,January,21
1899,January,22
1899,January,23
1899,January,28
1899,January,29
1899,January,30
1899,January,31
1899,February,1
1899,February,4
1899,February,5
1899,February,6
1899,February,7
1899,February,8
1899,February,12
1899,February,13
1899,February,14
1899,February,17
1899,February,19
1899,February,25
1899,February,26
1899,March,1
1899,March,2
1899,March,4
1899,March,5
1899,March,6
1899,March,7
1899,March,8
1899,March,12
1899,April,13
1899,April,14
1899,April,15
1899,April,20
1899,April,21
1899,April,22
1899,April,23
1899,April,24
1899,April,25
1899,April,26
1899,April,27
1899,April,28
1899,April,29
1899,April,30
1899,May,1
1899,May,2
1899,May,7
1899,May,11
1899,May,12
1899,May,17
1899,May,19
1899,May,20
1899,May,21
1899,May,22
1899,May,23
1899,May,24
1899,May,25
1899,May,26
1899,May,27
1899,May,28
1899,May,29
1899,June,2
1899,June,3
1899,June,13
1899,June,14
1899,June,17
1899,June,18
1899,June,19
1899,June,20
1899,June,21
1899,June,22
1899,June,23
1899,June,24
1899,June,25
1899,June,29
1899,June,30
1899,July,5
1899,July,11
1899,July,13
1899,July,14
1899,November,28
1899,November,29
1899,November,30
1899,December,5
1899,December,6
1899,December,10
1899,December,11
1899,December,12
1900,January,18
1900,January,19
1900,January,20
1900,January,21
1900,January,22
1900,January,25
1900,January,26
1900,January,28
1900,February,3
1900,February,4
1900,February,7
1900,February,8
1900,February,14
1900,February,16
1900,February,17
1900,February,19
1900,February,20
1900,February,22
1900,February,23
1900,February,24
1900,February,26
1900,March,2
1900,March,3
1900,March,8
1900,March,9
1900,April,13
1900,April,16
1900,April,18
1900,April,20
1900,April,21
1900,April,22
1900,April,26
1900,April,30
1900,May,1
1900,May,2
1900,May,7
1900,May,8
1900,May,9
1900,May,10
1900,May,11
1900,May,13
1900,May,15
1900,May,17
1900,May,18
1900,May,19
1900,May,24
1900,May,25
1900,May,29
1900,June,3
1900,June,4
1900,June,5
1900,June,6
1900,June,7
1900,June,9
1900,June,10
1900,June,11
1900,June,12
1900,June,13
1900,June,14
1900,June,15
1900,June,16
1900,June,19
1900,June,20
1900,June,21
1900,November,3
1900,November,4
1900,November,8
1900,November,9
1900,November,10
1900,November,14
1900,November,15
1900,November,17
1900,November,18
1900,November,19
1900,November,20
1900,November,22
1900,November,23
1900,November,24
1900,November,26
1900,November,27
1901,January,14
1901,January,16
1901,January,18
1901,January,24
1901,January,25
1901,January,26
1901,January,29
1901,January,30
1901,February,4
1901,February,5
1901,February,6
1901,February,7
1901,February,8
1901,February,10
1901,February,11
1901,February,12
1901,February,14
1901,February,16
1901,February,20
1901,February,21
1901,February,22
1901,February,26
1901,February,27
1901,March,3
1901,March,4
1901,March,7
1901,March,9
1901,March,11
1901,May,27
1901,May,28
1901,May,29
1901,May,30
1901,June,1
1901,June,2
1901,June,3
1901,June,4
1901,June,5
1901,June,6
1901,June,10
1901,June,11
1901,June,21
1901,June,23
1901,June,24
1901,November,22
1901,November,23
1901,November,26
1901,November,27
1901,December,3
1901,December,4
1901,December,5
1901,December,6
1901,December,7
1901,December,13
1901,December,14
1902,February,4
1902,February,5
1902,February,6
1902,February,22
1902,February,23
1902,February,24
1902,February,26
1902,February,27
1902,March,1
1902,March,2
1902,March,3
1902,March,4
1902,March,5
1902,March,6
1902,March,10
1902,March,11
1902,March,12
1902,April,18
1902,April,19
1902,April,20
1902,April,21
1902,April,22
1902,April,23
1902,April,24
1902,April,25
1902,April,27
1902,April,28
1902,April,29
1902,April,30
1902,May,5
1902,May,6
1902,May,9
1902,May,10
1902,May,14
1902,May,15
1902,May,16
1902,May,17
1902,May,18
1902,May,20
1902,May,22
1902,May,23
1902,May,24
1902,May,25
1902,May,26
1902,May,27
1902,May,31
1902,June,1
1902,June,2
1902,June,11
1902,June,13
1902,June,14
1902,June,16
1902,June,17
1902,June,18
1902,June,19
1902,June,20
1902,June,21
1902,June,22
1902,June,23
1902,June,28
1902,June,29
1902,July,8
1902,July,10
1902,July,11
1902,July,12
1902,July,13
1902,July,14
1903,January,16
1903,January,17
1903,January,18
1903,January,20
1903,January,23
1903,January,25
1903,February,1
1903,February,2
1903,February,3
1903,April,15
1903,April,17
1903,April,19
1903,April,20
1903,April,24
1903,April,29
1903,April,30
1903,May,1
1903,May,5
1903,May,7
1903,May,8
1903,May,9
1903,May,10
1903,May,12
1903,May,13
1903,May,14
1903,May,15
1903,May,16
1903,May,17
1903,May,22
1903,May,23
1903,May,27
1903,May,28
1903,June,1
1903,June,2
1903,June,3
1903,June,4
1903,June,6
1903,June,8
1903,June,9
1903,June,10
1903,June,11
1903,June,12
1903,June,13
1903,June,18
1903,June,19
1903,June,20
1903,June,29
1903,June,30
1903,July,1
1903,July,3
1903,November,1
1903,November,2
1903,November,7
1903,November,8
1903,November,12
1903,November,13
1903,November,15
1903,November,16
1903,November,17
1903,November,20
1903,November,21
1903,November,22
1903,November,24
1903,November,29
1903,November,30
1903,December,4
1903,December,5
1903,December,9
1903,December,11
1903,December,12
1903,December,13
1903,December,14
1904,January,15
1904,January,22
1904,January,23
1904,January,24
1904,January,27
1904,January,28
1904,January,29
1904,February,2
1904,February,3
1904,February,4
1904,February,5
1904,February,7
1904,February,8
1904,February,9
1904,February,11
1904,February,13
1904,February,18
1904,February,19
1904,February,20
1904,February,25
1904,February,26
1904,March,1
1904,March,2
1904,March,5
1904,March,6
1904,March,7
1904,March,9
1904,March,11
1904,April,19
1904,April,20
1904,April,24
1904,April,25
1904,April,26
1904,April,27
1904,April,28
1904,April,29
1904,May,1
1904,May,3
1904,May,4
1904,May,5
1904,May,11
1904,May,12
1904,November,18
1904,November,19
1904,November,23
1904,November,24
1904,November,25
1904,December,1
1904,December,2
1904,December,3
1904,December,4
1904,December,9
1904,December,10
1905,January,17
1905,January,18
1905,January,19
1905,January,22
1905,January,23
1905,January,25
1905,January,26
1905,January,27
1905,January,29
1905,January,31
1905,February,1
1905,February,7
1905,February,8
1905,February,9
1905,February,13
1905,February,20
1905,February,21
1905,February,23
1905,February,24
1905,February,25
1905,February,26
1905,February,27
1905,February,28
1905,March,1
1905,March,2
1905,March,7
1905,March,8
1905,March,9
1905,April,17
1905,April,18
1905,May,27
1905,May,28
1905,May,29
1905,June,3
1905,June,8
1905,June,9
1905,June,10
1905,June,11
1905,June,12
1905,June,13
1905,June,14
1905,June,15
1905,June,16
1905,June,17
1905,June,19
1905,June,24
1905,June,25
1905,June,26
1905,July,6
1905,July,7
1905,July,8
1905,July,10
1905,July,11
1905,November,7
1905,November,8
1905,November,9
1905,November,13
1905,November,14
1905,November,15
1905,November,19
1905,November,20
1905,November,22
1905,November,23
1905,November,24
1905,November,28
1905,November,30
1905,December,4
1905,December,5
1905,December,6
1905,December,10
1905,December,11
1905,December,12
1906,April,14
1906,April,15
1906,April,16
1906,April,20
1906,April,21
1906,April,26
1906,April,27
1906,April,28
1906,May,2
1906,May,3
1906,May,5
1906,May,7
1906,May,9
1906,May,11
1906,May,12
1906,May,13
1906,May,18
1906,May,19
1906,May,23
1906,May,24
1906,May,25
1906,June,29
1906,October,29
1906,October,30
1906,November,3
1906,November,4
1906,November,5
1906,November,10
1906,November,13
1906,November,18
1906,November,19
1906,November,20
1906,December,9
1906,December,10
1906,December,12
1906,December,14
1907,January,18
1907,January,19
1907,January,20
1907,January,24
1907,January,25
1907,January,26
1907,January,30
1907,January,31
1907,February,2
1907,February,3
1907,February,6
1907,February,7
1907,February,8
1907,February,9
1907,February,10
1907,April,16
1907,April,17
1907,April,23
1907,April,24
1907,April,26
1907,April,27
1907,April,28
1907,April,29
1907,April,30
1907,May,1
1907,May,2
1907,May,3
1907,May,4
1907,May,9
1907,May,14
1907,May,15
1907,May,22
1907,May,23
1907,May,24
1907,May,25
1907,May,26
1907,May,27
1907,May,28
1907,May,29
1907,May,30
1907,May,31
1907,June,4
1907,June,5
1907,June,6
1907,June,16
1907,June,18
1907,June,19
1907,June,20
1907,June,21
1907,June,22
1907,June,23
1907,June,24
1907,June,25
1907,June,26
1907,June,27
1907,November,16
1907,November,17
1907,November,20
1907,November,21
1907,November,22
1907,November,27
1907,November,29
1907,November,30
1907,December,1
1907,December,2
1907,December,3
1907,December,7
1907,December,8
1907,December,12
1907,December,13
1907,December,14
1908,January,15
1908,January,16
1908,January,20
1908,January,21
1908,January,22
1908,January,23
1908,January,24
1908,January,25
1908,January,28
1908,January,29
1908,January,30
1908,February,5
1908,February,6
1908,February,10
1908,February,19
1908,February,20
1908,February,22
1908,February,23
1908,February,24
1908,February,25
1908,February,26
1908,February,28
1908,February,29
1908,March,3
1908,March,4
1908,March,5
1908,March,9
1908,March,10
1908,April,13
1908,April,14
1908,April,15
1908,April,17
1908,April,19
1908,April,21
1908,April,22
1908,April,23
1908,May,2
1908,May,3
1908,May,4
1908,May,9
1908,May,10
1908,May,11
1908,May,13
1908,May,14
1908,May,15
1908,May,16
1908,May,17
1908,May,18
1908,May,19
1908,May,20
1908,May,24
1908,May,25
1908,May,26
1908,May,30
1908,May,31
1908,June,5
1908,June,6
1908,June,7
1908,June,8
1908,June,9
1908,June,11
1908,June,12
1908,June,13
1908,June,14
1908,June,15
1908,June,16
1908,June,17
1908,June,21
1908,June,22
1908,November,4
1908,November,5
1908,November,10
1908,November,11
1908,November,16
1908,November,17
1908,November,19
1908,November,20
1908,November,21
1908,November,24
1908,November,25
1908,November,27
1908,November,28
1908,December,2
1908,December,7
1908,December,8
1909,January,14
1909,January,15
1909,January,17
1909,January,18
1909,January,19
1909,January,25
1909,January,26
1909,January,27
1909,January,30
1909,January,31
1909,February,6
1909,February,8
1909,February,9
1909,February,12
1909,February,13
1909,February,17
1909,February,22
1909,February,23
1909,February,28
1909,March,5
1909,March,9
1909,March,10
1909,March,11
1909,March,12
1909,May,27
1909,May,29
1909,May,30
1909,May,31
1909,June,1
1909,June,2
1909,June,3
1909,June,5
1909,June,6
1909,June,7
1909,June,11
1909,June,12
1909,June,23
1909,June,25
1909,June,26
1909,June,27
1909,November,23
1909,November,24
1909,November,27
1909,November,28
1909,November,29
1909,December,5
1909,December,6
1909,December,7
1909,December,8
1909,December,9
1910,January,16
1910,January,17
1910,January,20
1910,January,21
1910,January,22
1910,January,27
1910,January,29
1910,January,30
1910,January,31
1910,February,3
1910,February,4
1910,February,5
1910,February,17
1910,February,19
1910,February,23
1910,February,24
1910,February,25
1910,February,28
1910,March,1
1910,March,3
1910,March,5
1910,March,7
1910,March,12
1910,March,13
1910,April,14
1910,April,19
1910,April,20
1910,April,21
1910,April,22
1910,April,23
1910,April,24
1910,April,25
1910,April,26
1910,April,27
1910,April,28
1910,April,29
1910,April,30
1910,May,1
1910,May,7
1910,May,10
1910,May,11
1910,May,12
1910,May,16
1910,May,18
1910,May,19
1910,May,20
1910,May,21
1910,May,22
1910,May,23
1910,May,24
1910,May,26
1910,May,28
1910,May,29
1910,June,2
1910,June,3
1910,June,12
1910,June,14
1910,June,15
1910,June,16
1910,June,18
1910,June,20
1910,June,21
1910,June,22
1910,June,23
1910,June,24
1910,June,25
1910,June,29
1910,June,30
1910,July,5
1910,July,9
1910,July,10
1910,July,11
1910,July,12
1910,July,13
1910,July,15
1911,January,17
1911,January,18
1911,January,19
1911,January,20
1911,January,22
1911,January,24
1911,January,25
1911,January,27
1911,February,3
1911,February,4
1911,February,7
1911,February,8
1911,February,13
1911,February,15
1911,February,16
1911,February,18
1911,February,19
1911,February,21
1911,February,23
1911,February,24
1911,February,25
1911,February,26
1911,March,2
1911,March,3
1911,March,7
1911,March,8
1911,March,12
1911,March,13
1911,April,15
1911,April,17
1911,April,19
1911,April,20
1911,April,21
1911,April,26
1911,April,30
1911,May,1
1911,May,2
1911,May,6
1911,May,7
1911,May,8
1911,May,9
1911,May,14
1911,May,16
1911,May,17
1911,May,18
1911,May,19
1911,May,23
1911,May,24
1911,May,25
1911,May,28
1911,May,29
1911,June,2
1911,June,3
1911,June,4
1911,June,5
1911,June,7
1911,June,8
1911,June,9
1911,June,10
1911,June,12
1911,June,13
1911,June,14
1911,June,15
1911,June,19
1911,June,20
1911,June,21
1911,June,30
1911,July,2
1911,July,4
1911,July,5
1911,November,3
1911,December,5
1911,December,6
1911,December,7
1911,December,12
1911,December,13
1911,December,14
1912,January,15
1912,January,16
1912,January,17
1912,January,24
1912,January,25
1912,January,26
1912,January,29
1912,January,30
1912,February,3
1912,February,4
1912,February,5
1912,February,6
1912,February,7
1912,February,9
1912,February,10
1912,February,11
1912,February,12
1912,February,13
1912,February,14
1912,February,15
1912,February,20
1912,February,21
1912,February,27
1912,March,2
1912,March,5
1912,March,6
1912,March,7
1912,March,8
1912,March,9
1912,March,11
1912,April,15
1912,April,20
1912,April,21
1912,April,25
1912,April,26
1912,April,28
1912,April,29
1912,April,30
1912,May,1
1912,May,2
1912,May,3
1912,May,5
1912,May,6
1912,May,7
1912,May,13
1912,May,14
1912,May,17
1912,May,18
1912,May,19
1912,May,25
1912,May,26
1912,May,27
1912,May,28
1912,May,29
1912,May,30
1912,June,1
1912,June,2
1912,June,3
1912,June,4
1912,November,20
1912,November,21
1912,November,24
1912,November,25
1912,November,26
1912,December,2
1912,December,3
1912,December,4
1913,January,14
1913,January,15
1913,January,18
1913,January,19
1913,January,20
1913,January,24
1913,January,26
1913,January,27
1913,January,30
1913,January,31
1913,February,1
1913,February,2
1913,February,9
1913,February,10
1913,February,11
1913,February,14
1913,February,15
1913,February,21
1913,February,22
1913,February,24
1913,February,25
1913,February,27
1913,March,1
1913,March,3
1913,March,4
1913,March,8
1913,March,9
1913,March,10
1913,May,3
1913,May,4
1913,May,7
1913,May,8
1913,May,9
1913,May,13
1913,May,14
1913,May,15
1913,May,16
1913,May,17
1913,May,18
1913,May,19
1913,May,20
1913,May,21
1913,May,22
1913,May,24
1913,May,25
1913,May,29
1913,May,30
1913,May,31
1913,June,10
1913,June,11
1913,June,12
1913,June,13
1913,June,14
1913,June,15
1913,June,16
1913,June,17
1913,June,18
1913,June,19
1913,June,20
1913,June,21
1913,June,26
1913,June,27
1913,July,7
1913,July,8
1913,July,9
1913,July,10
1913,July,11
1913,July,12
1913,November,9
1913,November,10
1913,November,11
1913,November,15
1913,November,16
1913,November,21
1913,November,23
1913,November,24
1913,November,25
1913,November,26
1913,December,1
1913,December,2
1913,December,6
1913,December,7
1913,December,8
1913,December,12
1913,December,13
1913,December,14
1914,March,11
1914,March,13
1914,April,15
1914,April,16
1914,April,17
1914,April,22
1914,April,27
1914,April,28
1914,April,29
1914,May,4
1914,May,5
1914,May,6
1914,May,7
1914,May,8
1914,May,10
1914,May,11
1914,May,12
1914,May,13
1914,May,14
1914,May,15
1914,May,19
1914,May,20
1914,May,21
1914,May,25
1914,May,26
1914,May,27
1914,May,31
1914,June,1
1914,June,2
1914,June,3
1914,June,5
1914,June,6
1914,June,7
1914,June,8
1914,June,9
1914,June,10
1914,June,11
1914,June,15
1914,June,16
1914,June,17
1914,June,21
1914,June,28
1914,June,29
1914,June,30
1914,July,2
1914,October,30
1914,October,31
1914,November,4
1914,November,6
1914,November,7
1914,November,11
1914,November,12
1914,November,14
1914,November,15
1914,December,10
1914,December,11
1914,December,12
1914,December,13
1915,January,20
1915,January,21
1915,January,22
1915,January,25
1915,January,26
1915,January,27
1915,February,1
1915,February,2
1915,February,3
1915,February,4
1915,February,6
1915,February,7
1915,February,8
1915,February,9
1915,February,10
1915,May,15
1915,May,16
1915,May,17
1915,May,23
1915,May,24
1915,May,25
1915,May,26
1915,May,27
1915,May,28
1915,May,29
1915,May,30
1915,May,31
1915,June,1
1915,June,5
1915,June,6
1915,June,7
1915,June,18
1915,June,19
1915,June,21
1915,June,22
1915,June,23
1915,June,24
1915,June,25
1915,June,26
1915,June,27
1915,June,28
1915,July,3
1915,July,4
1915,July,9
1915,July,10
1915,July,15
1915,November,17
1915,November,18
1915,November,22
1915,November,23
1915,November,24
1915,November,29
1915,December,1
1915,December,2
1915,December,3
1915,December,4
1915,December,5
1915,December,7
1915,December,9
1915,December,13
1916,January,15
1916,January,16
1916,January,17
1916,January,22
1916,January,25
1916,January,26
1916,January,29
1916,January,30
1916,January,31
1916,February,1
1916,February,6
1916,February,7
1916,February,8
1916,February,11
1916,February,12
1916,February,19
1916,February,20
1916,February,21
1916,February,23
1916,February,24
1916,February,26
1916,February,27
1916,February,28
1916,February,29
1916,March,1
1916,March,5
1916,March,6
1916,March,10
1916,March,11
1916,March,12
1916,April,24
1916,May,3
1916,May,4
1916,May,5
1916,May,10
1916,May,11
1916,May,12
1916,May,13
1916,May,14
1916,May,16
1916,May,17
1916,May,18
1916,May,19
1916,May,20
1916,May,21
1916,May,22
1916,May,25
1916,May,26
1916,May,27
1916,June,1
1916,June,7
1916,June,9
1916,June,10
1916,June,11
1916,June,12
1916,June,13
1916,June,14
1916,June,16
1916,June,17
1916,June,18
1916,June,22
1916,June,23
1916,November,6
1916,November,11
1916,November,12
1916,November,13
1916,November,17
1916,November,18
1916,November,20
1916,November,21
1916,November,22
1916,November,23
1916,November,25
1916,November,26
1916,November,27
1916,November,28
1916,November,29
1916,December,3
1916,December,4
1916,December,8
1916,December,9
1916,December,10
1917,January,14
1917,January,15
1917,January,16
1917,January,17
1917,January,19
1917,January,26
1917,January,27
1917,January,28
1917,January,31
1917,February,1
1917,February,2
1917,February,7
1917,February,8
1917,February,9
1917,February,10
1917,February,11
1917,February,13
1917,February,15
1917,February,19
1917,February,23
1917,February,24
1917,March,1
1917,March,2
1917,March,7
1917,March,10
1917,March,11
1917,March,12
1917,May,30
1917,May,31
1917,June,2
1917,June,4
1917,June,5
1917,June,6
1917,June,7
1917,June,8
1917,June,12
1917,June,13
1917,June,14
1917,June,24
1917,June,25
1917,June,27
1917,June,28
1917,June,29
1917,November,25
1917,November,28
1917,November,29
1917,November,30
1917,December,7
1917,December,8
1917,December,10
1918,January,17
1918,January,18
1918,January,22
1918,January,23
1918,January,24
1918,January,28
1918,January,29
1918,January,31
1918,February,1
1918,February,14
1918,February,15
1918,February,18
1918,February,20
1918,February,25
1918,February,26
1918,February,27
1918,March,2
1918,March,3
1918,March,4
1918,March,5
1918,March,6
1918,March,7
1918,March,8
1918,March,9
1918,March,13
1918,April,14
1918,April,15
1918,April,20
1918,April,21
1918,April,22
1918,April,23
1918,April,24
1918,April,25
1918,April,26
1918,April,28
1918,April,30
1918,May,1
1918,May,2
1918,May,3
1918,May,8
1918,May,12
1918,May,13
1918,May,17
1918,May,18
1918,May,19
1918,May,20
1918,May,21
1918,May,22
1918,May,23
1918,May,24
1918,May,25
1918,May,26
1918,May,27
1918,May,28
1918,May,29
1918,May,30
1918,July,6
1918,July,11
1918,July,13
1918,July,14
1918,July,15
1919,January,14
1919,January,18
1919,January,19
1919,January,20
1919,January,21
1919,January,22
1919,January,26
1919,January,27
1919,January,28
1919,January,29
1919,February,4
1919,February,5
1919,February,8
1919,February,9
1919,February,15
1919,February,16
1919,February,17
1919,February,20
1919,February,21
1919,February,23
1919,February,27
1919,March,3
1919,March,4
1919,March,5
1919,March,9
1919,April,16
1919,April,18
1919,April,19
1919,April,20
1919,April,21
1919,April,22
1919,April,23
1919,May,1
1919,May,2
1919,May,7
1919,May,8
1919,May,9
1919,May,10
1919,May,11
1919,May,16
1919,May,18
1919,May,19
1919,May,20
1919,May,24
1919,May,25
1919,May,26
1919,May,30
1919,June,4
1919,June,6
1919,June,7
1919,June,8
1919,June,10
1919,June,11
1919,June,12
1919,June,14
1919,June,15
1919,June,16
1919,June,17
1919,June,21
1919,June,22
1919,July,1
1919,July,2
1919,July,3
1919,July,4
1919,November,4
1919,November,5
1919,November,9
1919,November,10
1919,November,14
1919,November,15
1919,November,17
1919,November,18
1919,November,20
1919,November,23
1919,November,24
1919,November,25
1919,November,27
1919,December,2
1919,December,6
1919,December,7
1919,December,8
1919,December,14
1920,January,16
1920,January,18
1920,January,25
1920,January,26
1920,January,27
1920,January,30
1920,January,31
1920,February,5
1920,February,7
1920,February,8
1920,February,10
1920,February,11
1920,February,12
1920,February,14
1920,February,16
1920,February,21
1920,February,22
1920,February,23
1920,February,28
1920,March,3
1920,March,7
1920,March,8
1920,March,10
1920,March,11
1920,April,16
1920,April,17
1920,April,21
1920,April,22
1920,April,27
1920,April,29
1920,April,30
1920,May,2
1920,May,4
1920,May,6
1920,May,7
1920,May,8
1920,May,9
1920,May,14
1920,May,15
1920,May,18
1920,May,19
1920,May,20
1920,May,25
1920,May,26
1920,May,27
1920,May,29
1920,May,31
1920,June,1
1920,November,22
1920,November,26
1920,November,27
1920,December,3
1920,December,4
1920,December,5
1920,December,6
1920,December,7
1920,December,13
1921,January,15
1921,January,16
1921,January,19
1921,January,20
1921,January,21
1921,January,25
1921,January,26
1921,January,27
1921,January,28
1921,February,1
1921,February,3
1921,February,4
1921,February,5
1921,February,11
1921,February,12
1921,February,16
1921,February,22
1921,February,23
1921,February,26
1921,February,27
1921,February,28
1921,March,1
1921,March,2
1921,March,3
1921,March,4
1921,March,5
1921,March,10
1921,March,11
1921,March,12
1921,April,27
1921,April,28
1921,April,29
1921,May,5
1921,May,9
1921,May,10
1921,May,14
1921,May,15
1921,May,16
1921,May,18
1921,May,19
1921,May,20
1921,May,21
1921,May,22
1921,May,23
1921,May,24
1921,May,25
1921,May,26
1921,May,31
1921,June,1
1921,June,2
1921,June,11
1921,June,12
1921,June,13
1921,June,14
1921,June,16
1921,June,17
1921,June,18
1921,June,20
1921,June,21
1921,June,22
1921,June,23
1921,June,27
1921,June,28
1921,June,29
1921,July,8
1921,July,10
1921,July,11
1921,July,12
1921,July,13
1921,November,11
1921,November,12
1921,November,16
1921,November,17
1921,November,22
1921,November,24
1921,November,25
1921,November,26
1921,November,27
1921,December,2
1921,December,3
1921,December,8
1921,December,9
1921,December,10
1921,December,13
1921,December,14
1922,March,11
1922,March,12
1922,April,15
1922,April,16
1922,April,17
1922,April,18
1922,April,19
1922,April,23
1922,April,24
1922,April,29
1922,April,30
1922,May,1
1922,May,5
1922,May,6
1922,May,7
1922,May,8
1922,May,9
1922,May,12
1922,May,14
1922,May,15
1922,May,16
1922,May,21
1922,May,22
1922,May,23
1922,May,27
1922,May,28
1922,June,1
1922,June,2
1922,June,3
1922,June,4
1922,June,6
1922,June,8
1922,June,10
1922,June,11
1922,June,12
1922,June,13
1922,June,17
1922,June,18
1922,June,19
1922,June,29
1922,June,30
1922,July,1
1922,July,3
1922,November,7
1922,November,8
1922,November,12
1922,November,13
1922,November,15
1922,December,3
1922,December,4
1922,December,5
1922,December,11
1922,December,12
1922,December,13
1922,December,14
1923,January,14
1923,January,15
1923,January,22
1923,January,23
1923,January,27
1923,January,28
1923,January,29
1923,February,2
1923,February,3
1923,February,4
1923,February,5
1923,February,6
1923,February,7
1923,February,8
1923,February,9
1923,February,11
1923,February,12
1923,February,13
1923,February,18
1923,February,19
1923,February,20
1923,February,25
1923,March,2
1923,March,3
1923,March,6
1923,March,7
1923,March,8
1923,March,10
1923,March,12
1923,April,14
1923,April,19
1923,April,20
1923,April,21
1923,April,25
1923,April,26
1923,April,28
1923,April,29
1923,April,30
1923,May,2
1923,May,4
1923,May,5
1923,May,6
1923,May,12
1923,May,13
1923,June,21
1923,June,22
1923,June,24
1923,June,25
1923,June,26
1923,June,28
1923,June,29
1923,July,4
1923,July,5
1923,July,10
1923,July,11
1923,July,12
1923,December,8
1923,December,10
1923,December,11
1924,January,17
1924,January,18
1924,January,19
1924,January,23
1924,January,24
1924,January,26
1924,January,27
1924,January,30
1924,January,31
1924,February,1
1924,February,2
1924,February,8
1924,February,9
1924,February,10
1924,February,13
1924,February,14
1924,February,20
1924,February,21
1924,February,22
1924,February,24
1924,February,25
1924,February,27
1924,February,28
1924,February,29
1924,March,1
1924,March,2
1924,March,6
1924,March,7
1924,March,8
1924,March,12
1924,April,16
1924,April,17
1924,April,18
1924,April,20
1924,April,21
1924,April,22
1924,April,23
1924,April,24
1924,April,25
1924,May,5
1924,May,7
1924,May,12
1924,May,13
1924,May,14
1924,May,15
1924,May,16
1924,May,17
1924,May,19
1924,May,20
1924,May,21
1924,May,22
1924,May,23
1924,May,27
1924,May,28
1924,May,29
1924,June,3
1924,June,8
1924,June,9
1924,June,10
1924,June,11
1924,June,12
1924,June,13
1924,June,14
1924,June,15
1924,June,16
1924,June,17
1924,June,18
1924,June,19
1924,July,10
1924,July,11
1924,November,7
1924,November,8
1924,November,9
1924,November,13
1924,November,14
1924,November,19
1924,November,20
1924,November,22
1924,November,23
1924,November,24
1924,November,28
1924,November,30
1924,December,4
1924,December,5
1924,December,6
1925,January,15
1925,January,16
1925,January,17
1925,January,18
1925,January,20
1925,January,28
1925,January,29
1925,February,2
1925,February,3
1925,February,9
1925,February,11
1925,February,12
1925,February,14
1925,February,16
1925,February,19
1925,February,20
1925,February,24
1925,February,25
1925,February,26
1925,March,2
1925,March,3
1925,March,8
1925,March,9
1925,May,23
1925,May,24
1925,May,30
1925,June,1
1925,June,2
1925,June,3
1925,June,5
1925,June,6
1925,June,7
1925,June,8
1925,June,9
1925,June,10
1925,June,13
1925,June,14
1925,June,15
1925,June,19
1925,June,26
1925,June,28
1925,June,29
1925,October,29
1925,October,30
1925,November,2
1925,November,3
1925,November,4
1925,November,9
1925,November,10
1925,November,12
1925,November,13
1925,November,18
1925,November,19
1925,November,21
1925,November,25
1925,November,29
1925,November,30
1925,December,1
1925,December,2
1925,December,8
1925,December,9
1925,December,10
1925,December,11
1925,December,12
1925,December,13
1926,April,15
1926,April,16
1926,April,17
1926,April,22
1926,April,23
1926,April,24
1926,April,25
1926,April,26
1926,April,27
1926,April,28
1926,April,29
1926,April,30
1926,May,1
1926,May,2
1926,May,3
1926,May,4
1926,May,9
1926,May,13
1926,May,14
1926,May,21
1926,May,22
1926,May,23
1926,May,24
1926,May,25
1926,May,27
1926,May,29
1926,May,30
1926,May,31
1926,June,4
1926,June,5
1926,June,6
1926,June,15
1926,June,16
1926,June,17
1926,June,19
1926,June,20
1926,June,21
1926,June,22
1926,June,23
1926,June,24
1926,June,25
1926,June,26
1926,June,27
1926,July,1
1926,July,2
1926,July,7
1926,July,13
1926,July,15
1927,January,14
1927,January,15
1927,January,20
1927,January,21
1927,January,22
1927,January,23
1927,January,24
1927,January,27
1927,January,28
1927,January,30
1927,February,5
1927,February,6
1927,February,9
1927,February,10
1927,April,14
1927,April,15
1927,April,18
1927,April,20
1927,April,22
1927,April,23
1927,April,24
1927,May,3
1927,May,4
1927,May,9
1927,May,10
1927,May,11
1927,May,13
1927,May,15
1927,May,17
1927,May,19
1927,May,20
1927,May,21
1927,May,22
1927,May,26
1927,May,27
1927,May,31
1927,June,5
1927,June,6
1927,June,7
1927,June,8
1927,June,9
1927,June,11
1927,June,12
1927,June,13
1927,June,14
1927,June,15
1927,June,16
1927,June,17
1927,June,18
1927,June,22
1927,June,23
1927,July,3
1927,July,5
1927,July,6
1927,July,7
1927,July,8
1927,November,6
1927,November,10
1927,November,11
1927,November,12
1927,November,16
1927,November,17
1927,November,19
1927,November,20
1927,November,21
1927,November,22
1927,November,24
1927,November,25
1927,November,26
1927,November,28
1927,November,29
1927,December,3
1927,December,4
1927,December,8
1927,December,9
1928,January,15
1928,January,16
1928,January,18
1928,January,20
1928,January,26
1928,January,27
1928,January,28
1928,January,31
1928,February,1
1928,February,6
1928,February,7
1928,February,8
1928,February,9
1928,February,10
1928,February,12
1928,February,13
1928,February,14
1928,February,18
1928,February,23
1928,February,24
1928,February,29
1928,March,4
1928,March,5
1928,March,8
1928,March,10
1928,March,12
1928,April,29
1928,May,1
1928,May,2
1928,May,3
1928,May,5
1928,May,6
1928,May,8
1928,May,9
1928,May,10
1928,May,11
1928,May,16
1928,May,20
1928,May,21
1928,May,26
1928,May,28
1928,May,29
1928,May,30
1928,November,23
1928,November,24
1928,November,27
1928,November,28
1928,December,4
1928,December,5
1928,December,6
1928,December,7
1928,December,8
1928,December,14
1929,January,16
1929,January,17
1929,January,21
1929,January,22
1929,January,26
1929,January,27
1929,January,28
1929,January,29
1929,January,30
1929,February,2
1929,February,3
1929,February,5
1929,February,6
1929,February,7
1929,February,12
1929,February,13
1929,February,14
1929,February,17
1929,February,19
1929,February,23
1929,February,24
1929,February,25
1929,February,27
1929,February,28
1929,March,2
1929,March,3
1929,March,4
1929,March,5
1929,March,6
1929,March,7
1929,March,11
1929,March,12
1929,April,25
1929,April,26
1929,April,28
1929,April,29
1929,June,12
1929,June,14
1929,June,15
1929,June,16
1929,June,17
1929,June,18
1929,June,19
1929,June,20
1929,June,21
1929,June,22
1929,June,23
1929,June,24
1929,June,29
1929,June,30
1929,July,5
1929,July,9
1929,July,11
1929,July,12
1929,July,13
1929,July,14
1929,November,14
1929,November,17
1929,November,18
1929,November,19
1929,November,23
1929,November,25
1929,November,26
1929,November,28
1929,November,29
1929,December,4
1929,December,5
1929,December,10
1929,December,11
1930,March,8
1930,March,9
1930,March,12
1930,March,13
1930,April,14
1930,April,16
1930,April,18
1930,April,20
1930,April,21
1930,April,25
1930,April,30
1930,May,1
1930,May,2
1930,May,6
1930,May,7
1930,May,8
1930,May,9
1930,May,13
1930,May,14
1930,May,15
1930,May,16
1930,May,17
1930,May,18
1930,May,23
1930,May,24
1930,May,28
1930,May,29
1930,June,2
1930,June,3
1930,June,4
1930,June,5
1930,November,2
1930,November,3
1930,November,8
1930,November,9
1930,November,30
1930,December,1
1930,December,5
1930,December,6
1930,December,7
1930,December,12
1930,December,13
1930,December,14
1931,January,14
1931,January,16
1931,January,23
1931,January,24
1931,January,25
1931,January,29
1931,January,30
1931,February,3
1931,February,4
1931,February,5
1931,February,6
1931,February,7
1931,February,8
1931,February,9
1931,February,10
1931,February,12
1931,February,14
1931,February,19
1931,February,20
1931,February,21
1931,February,26
1931,February,27
1931,March,3
1931,March,6
1931,March,7
1931,March,8
1931,March,9
1931,March,11
1931,March,13
1931,April,15
1931,April,20
1931,April,21
1931,April,22
1931,April,27
1931,April,29
1931,April,30
1931,May,1
1931,May,2
1931,May,3
1931,May,5
1931,May,6
1931,May,7
1931,May,13
1931,May,14
1931,May,18
1931,May,19
1931,May,20
1931,May,26
1931,May,27
1931,May,28
1931,May,29
1931,May,30
1931,May,31
1931,June,1
1931,June,2
1931,June,3
1931,June,4
1931,June,9
1931,June,10
1931,June,11
1931,November,20
1931,November,21
1931,November,25
1931,November,26
1931,November,27
1931,December,3
1931,December,4
1931,December,5
1931,December,6
1931,December,11
1931,December,12
1932,January,15
1932,January,19
1932,January,20
1932,January,21
1932,January,25
1932,January,27
1932,January,28
1932,January,31
1932,February,1
1932,February,2
1932,February,3
1932,February,9
1932,February,10
1932,February,11
1932,February,15
1932,February,22
1932,February,23
1932,February,26
1932,February,28
1932,February,29
1932,March,1
1932,March,2
1932,March,3
1932,March,8
1932,March,9
1932,March,10
1932,April,18
1932,April,19
1932,April,21
1932,April,22
1932,April,23
1932,April,24
1932,April,25
1932,April,26
1932,April,27
1932,May,3
1932,May,7
1932,May,8
1932,May,9
1932,May,13
1932,May,14
1932,May,15
1932,May,17
1932,May,18
1932,May,19
1932,May,20
1932,May,22
1932,May,23
1932,May,24
1932,May,28
1932,May,29
1932,May,30
1932,June,10
1932,June,11
1932,June,12
1932,June,13
1932,June,15
1932,June,16
1932,June,17
1932,June,18
1932,June,19
1932,June,20
1932,July,9
1932,July,10
1932,July,11
1932,July,12
1932,November,8
1932,November,9
1932,November,10
1932,November,14
1932,November,15
1932,November,16
1932,November,21
1932,November,23
1932,November,24
1932,November,25
1932,November,26
1932,December,1
1932,December,5
1932,December,6
1932,December,7
1932,December,11
1932,December,12
1932,December,13
1933,January,14
1933,January,15
1933,January,16
1933,January,17
1933,January,18
1933,January,19
1933,January,21
1933,January,22
1933,January,23
1933,January,29
1933,January,30
1933,January,31
1933,February,4
1933,February,5
1933,February,10
1933,February,11
1933,February,12
1933,February,13
1933,February,15
1933,February,16
1933,February,17
1933,February,20
1933,February,21
1933,February,22
1933,February,26
1933,February,27
1933,March,4
1933,March,5
1933,May,19
1933,May,20
1933,May,24
1933,May,25
1933,May,26
1933,May,31
1933,June,2
1933,June,3
1933,June,5
1933,June,6
1933,June,7
1933,June,8
1933,June,9
1933,June,10
1933,June,11
1933,June,15
1933,June,16
1933,June,17
1933,June,20
1933,June,27
1933,June,28
1933,June,29
1933,June,30
1933,July,2
1933,October,30
1933,October,31
1933,November,4
1933,November,5
1933,November,6
1933,November,11
1933,November,14
1933,November,19
1933,November,20
1933,November,22
1933,November,26
1933,November,27
1933,December,1
1933,December,2
1933,December,3
1933,December,10
1933,December,11
1933,December,12
1933,December,13
1934,January,20
1934,January,21
1934,January,24
1934,January,25
1934,January,26
1934,February,10
1934,February,11
1934,February,12
1934,February,16
1934,February,17
1934,February,23
1934,February,28
1934,March,1
1934,March,2
1934,March,5
1934,March,6
1934,March,7
1934,March,9
1934,March,11
1934,May,15
1934,May,16
1934,May,23
1934,May,24
1934,May,25
1934,May,26
1934,May,27
1934,May,28
1934,May,29
1934,May,30
1934,May,31
1934,June,1
1934,June,5
1934,June,6
1934,June,7
1934,June,17
1934,June,19
1934,June,20
1934,June,21
1934,June,22
1934,June,23
1934,June,24
1934,June,25
1934,June,26
1934,June,27
1934,June,28
1934,July,2
1934,July,3
1934,July,8
1934,July,9
1934,July,14
1935,January,15
1935,January,16
1935,January,17
1935,January,21
1935,January,22
1935,January,24
1935,January,25
1935,January,26
1935,January,29
1935,January,30
1935,January,31
1935,February,1
1935,February,6
1935,February,7
1935,February,8
1935,February,11
1935,February,20
1935,February,21
1935,February,23
1935,February,24
1935,February,26
1935,February,27
1935,February,28
1935,March,1
1935,March,2
1935,March,6
1935,March,7
1935,March,11
1935,March,12
1935,April,14
1935,April,15
1935,April,16
1935,April,17
1935,April,19
1935,April,20
1935,April,21
1935,April,22
1935,April,23
1935,April,24
1935,April,25
1935,April,26
1935,May,4
1935,May,5
1935,May,6
1935,May,11
1935,May,13
1935,May,14
1935,May,15
1935,May,16
1935,May,17
1935,May,18
1935,May,19
1935,May,20
1935,May,21
1935,May,22
1935,May,23
1935,May,27
1935,May,28
1935,June,1
1935,June,2
1935,June,7
1935,June,8
1935,June,9
1935,June,10
1935,June,11
1935,June,13
1935,June,14
1935,June,15
1935,June,16
1935,June,17
1935,June,18
1935,June,19
1935,June,23
1935,June,24
1935,July,5
1935,July,6
1935,July,7
1935,July,8
1935,July,10
1935,November,7
1935,November,12
1936,January,15
1936,January,17
1936,January,19
1936,January,20
1936,January,27
1936,January,28
1936,January,29
1936,February,1
1936,February,2
1936,February,8
1936,February,10
1936,February,11
1936,February,13
1936,February,14
1936,February,15
1936,February,20
1936,February,24
1936,February,25
1936,March,1
1936,March,6
1936,March,7
1936,March,10
1936,March,11
1936,March,12
1936,April,14
1936,April,15
1936,April,19
1936,April,23
1936,April,24
1936,April,29
1936,April,30
1936,May,2
1936,May,3
1936,May,5
1936,May,7
1936,May,9
1936,May,10
1936,May,11
1936,May,12
1936,May,17
1936,May,18
1936,May,21
1936,May,22
1936,November,25
1936,November,28
1936,November,29
1936,November,30
1936,December,6
1936,December,7
1936,December,8
1936,December,9
1936,December,10
1937,January,17
1937,January,18
1937,January,19
1937,January,22
1937,January,23
1937,January,28
1937,January,30
1937,January,31
1937,February,1
1937,February,4
1937,February,5
1937,February,6
1937,February,7
1937,February,8
1937,February,9
1937,February,13
1937,February,14
1937,February,15
1937,February,18
1937,February,20
1937,February,24
1937,February,25
1937,February,26
1937,March,1
1937,March,2
1937,March,4
1937,March,6
1937,March,8
1937,April,22
1937,April,23
1937,April,24
1937,April,25
1937,April,26
1937,April,27
1937,April,28
1937,April,29
1937,April,30
1937,May,1
1937,May,2
1937,May,8
1937,May,12
1937,May,13
1937,May,17
1937,May,19
1937,May,20
1937,May,21
1937,May,22
1937,May,23
1937,May,24
1937,May,25
1937,May,27
1937,May,28
1937,May,29
1937,May,30
1937,June,3
1937,June,4
1937,June,13
1937,June,15
1937,June,16
1937,June,17
1937,June,18
1937,June,19
1937,June,20
1937,June,21
1937,June,22
1937,June,23
1937,June,24
1937,June,25
1937,June,26
1937,June,30
1937,July,1
1937,July,6
1937,July,11
1937,July,12
1937,July,13
1937,July,14
1937,November,14
1937,November,15
1937,November,18
1937,November,19
1937,November,20
1937,November,24
1937,November,26
1937,November,27
1937,November,28
1937,November,29
1937,November,30
1937,December,6
1937,December,7
1937,December,11
1937,December,12
1937,December,13
1938,March,4
1938,March,5
1938,March,9
1938,March,10
1938,April,16
1938,April,18
1938,April,20
1938,April,21
1938,April,22
1938,April,27
1938,May,1
1938,May,2
1938,May,3
1938,May,7
1938,May,8
1938,May,9
1938,May,10
1938,May,11
1938,May,15
1938,May,17
1938,May,19
1938,May,20
1938,May,24
1938,May,25
1938,May,26
1938,May,30
1938,June,3
1938,June,4
1938,June,5
1938,June,6
1938,June,9
1938,June,10
1938,June,11
1938,June,13
1938,June,14
1938,June,15
1938,June,16
1938,June,20
1938,June,21
1938,June,22
1938,July,1
1938,July,3
1938,July,4
1938,July,5
1938,July,6
1938,November,4
1938,November,5
1938,November,9
1938,November,27
1938,December,1
1938,December,2
1938,December,6
1938,December,7
1938,December,8
1938,December,13
1938,December,14
1939,January,15
1939,January,16
1939,January,17
1939,January,25
1939,January,26
1939,January,27
1939,January,30
1939,January,31
1939,February,5
1939,February,6
1939,February,7
1939,February,8
1939,February,10
1939,February,11
1939,February,12
1939,February,13
1939,February,14
1939,February,15
1939,February,16
1939,April,17
1939,April,22
1939,April,23
1939,April,28
1939,April,30
1939,May,1
1939,May,3
1939,May,4
1939,May,5
1939,May,7
1939,May,8
1939,May,9
1939,May,15
1939,May,16
1939,May,19
1939,May,20
1939,May,21
1939,May,26
1939,May,27
1939,May,28
1939,May,30
1939,June,1
1939,June,2
1939,June,3
1939,June,4
1939,June,5
1939,June,6
1939,June,10
1939,June,11
1939,June,12
1939,June,22
1939,June,24
1939,June,25
1939,November,22
1939,November,23
1939,November,26
1939,November,27
1939,November,28
1939,December,4
1939,December,5
1939,December,6
1939,December,7
1939,December,13
1939,December,14
1940,January,15
1940,January,16
1940,January,17
1940,January,20
1940,January,21
1940,January,22
1940,January,26
1940,January,27
1940,January,28
1940,January,29
1940,February,1
1940,February,2
1940,February,4
1940,February,5
1940,February,6
1940,February,11
1940,February,12
1940,February,13
1940,February,16
1940,February,17
1940,February,23
1940,February,24
1940,February,27
1940,February,28
1940,February,29
1940,March,1
1940,March,2
1940,March,3
1940,March,4
1940,March,5
1940,March,9
1940,March,10
1940,March,11
1940,May,4
1940,May,5
1940,May,8
1940,May,9
1940,May,10
1940,May,15
1940,May,16
1940,May,17
1940,May,18
1940,May,19
1940,May,20
1940,May,21
1940,May,22
1940,May,23
1940,May,25
1940,May,26
1940,May,30
1940,May,31
1940,June,1
1940,June,11
1940,June,13
1940,June,14
1940,June,16
1940,June,17
1940,June,18
1940,July,8
1940,July,10
1940,July,11
1940,July,13
1940,November,10
1940,November,12
1940,November,16
1940,November,17
1940,November,22
1940,November,24
1940,November,25
1940,November,26
1940,November,27
1940,December,2
1940,December,3
1940,December,7
1940,December,8
1940,December,9
1940,December,13
1940,December,14
1941,January,16
1941,January,17
1941,January,18
1941,January,20
1941,January,22
1941,January,23
1941,January,25
1941,January,31
1941,February,1
1941,February,2
1941,February,5
1941,February,6
1941,February,12
1941,February,13
1941,February,14
1941,February,15
1941,February,16
1941,February,17
1941,February,18
1941,February,19
1941,February,21
1941,February,23
1941,February,27
1941,February,28
1941,March,1
1941,March,6
1941,June,10
1941,June,11
1941,June,12
1941,June,16
1941,June,17
1941,June,18
1941,June,29
1941,July,1
1941,July,3
1941,October,31
1941,November,1
1941,November,7
1941,November,8
1941,November,12
1941,November,13
1941,November,15
1941,November,16
1941,November,17
1941,November,19
1941,November,20
1941,November,21
1941,November,23
1941,November,27
1941,November,28
1941,December,3
1941,December,4
1941,December,5
1941,December,11
1941,December,12
1941,December,13
1941,December,14
1942,January,14
1942,January,15
1942,January,21
1942,January,22
1942,January,23
1942,January,26
1942,February,8
1942,February,9
1942,February,11
1942,February,12
1942,February,13
1942,February,17
1942,February,18
1942,February,19
1942,February,24
1942,February,25
1942,March,1
1942,March,2
1942,March,3
1942,March,6
1942,March,7
1942,March,8
1942,March,10
1942,March,12
1942,April,18
1942,April,19
1942,April,20
1942,April,25
1942,April,26
1942,April,28
1942,April,29
1942,April,30
1942,May,2
1942,May,4
1942,May,5
1942,May,6
1942,May,11
1942,May,12
1943,January,16
1943,January,17
1943,January,18
1943,January,23
1943,January,24
1943,January,26
1943,January,27
1943,January,30
1943,January,31
1943,February,1
1943,February,2
1943,February,7
1943,February,8
1943,February,9
1943,February,12
1943,February,13
1943,February,20
1943,February,21
1943,February,22
1943,February,24
1943,February,25
1943,February,27
1943,March,1
1943,March,2
1943,March,3
1943,March,7
1943,March,8
1943,March,12
1943,March,13
1943,April,17
1943,April,18
1943,April,19
1943,April,20
1943,April,21
1943,April,22
1943,April,23
1943,April,24
1943,April,25
1943,April,26
1943,April,27
1943,May,5
1943,May,6
1943,May,7
1943,May,8
1943,May,12
1943,May,13
1943,May,14
1943,May,15
1943,May,16
1943,May,18
1943,May,20
1943,May,21
1943,May,22
1943,May,23
1943,May,24
1943,May,28
1943,May,29
1943,June,3
1943,June,9
1943,June,11
1943,June,12
1943,June,13
1943,June,14
1943,June,15
1943,June,16
1943,June,17
1943,June,18
1943,June,19
1943,June,20
1943,June,24
1943,June,25
1943,June,26
1943,July,6
1943,July,7
1943,July,8
1943,July,9
1943,July,11
1943,July,12
1943,November,8
1943,November,13
1943,November,14
1943,November,15
1943,November,19
1943,November,20
1943,November,22
1943,November,23
1943,November,25
1943,November,29
1943,December,1
1943,December,5
1943,December,6
1943,December,7
1943,December,10
1943,December,11
1943,December,12
1944,January,15
1944,January,16
1944,January,17
1944,January,18
1944,January,19
1944,January,21
1944,January,29
1944,January,30
1944,February,2
1944,February,3
1944,February,4
1944,February,9
1944,February,10
1944,February,11
1944,February,12
1944,February,13
1944,February,15
1944,February,17
1944,February,20
1944,February,21
1944,February,25
1944,February,26
1944,February,27
1944,March,2
1944,March,3
1944,March,8
1944,March,11
1944,March,12
1944,April,14
1944,April,15
1944,April,16
1944,April,20
1944,April,25
1944,April,27
1944,May,1
1944,May,2
1944,May,4
1944,May,5
1944,May,6
1944,May,7
1944,May,8
1944,May,9
1944,May,11
1944,May,12
1944,May,13
1944,May,18
1944,May,19
1944,May,22
1944,May,23
1944,May,24
1944,October,29
1944,October,30
1944,November,2
1944,November,3
1944,November,4
1944,November,8
1944,November,9
1944,November,12
1944,November,18
1944,November,19
1944,November,21
1944,November,25
1944,November,29
1944,November,30
1944,December,1
1944,December,7
1944,December,8
1944,December,9
1944,December,11
1944,December,13
1945,January,18
1945,January,19
1945,January,20
1945,January,23
1945,January,24
1945,January,25
1945,January,29
1945,January,30
1945,February,1
1945,February,2
1945,February,6
1945,February,7
1945,February,8
1945,February,9
1945,February,10
1945,February,14
1945,February,15
1945,February,16
1945,February,21
1945,February,26
1945,February,27
1945,February,28
1945,March,3
1945,March,4
1945,March,5
1945,March,6
1945,March,7
1945,March,8
1945,March,9
1945,March,10
1945,April,21
1945,April,22
1945,April,23
1945,April,24
1945,April,25
1945,April,26
1945,April,27
1945,April,29
1945,May,1
1945,May,2
1945,May,3
1945,May,4
1945,May,9
1945,May,13
1945,May,14
1945,May,18
1945,May,19
1945,May,20
1945,May,21
1945,May,22
1945,May,24
1945,May,25
1945,May,26
1945,May,27
1945,May,28
1945,May,29
1945,May,30
1945,May,31
1945,June,4
1945,June,5
1945,June,6
1945,June,15
1945,June,18
1945,June,19
1945,June,20
1945,June,21
1945,June,22
1945,June,23
1945,June,25
1945,June,26
1945,June,27
1945,July,1
1945,July,2
1945,July,7
1945,July,12
1945,July,14
1945,July,15
1945,November,16
1945,November,17
1945,November,20
1945,November,21
1945,November,25
1945,November,26
1945,November,28
1945,November,29
1945,November,30
1945,December,1
1945,December,2
1945,December,7
1945,December,8
1945,December,12
1945,December,14
1946,March,4
1946,March,5
1946,March,6
1946,March,9
1946,March,10
1946,March,11
1946,April,14
1946,April,17
1946,April,19
1946,April,20
1946,April,21
1946,April,22
1946,April,23
1946,April,24
1946,May,3
1946,May,4
1946,May,8
1946,May,9
1946,May,10
1946,May,11
1946,May,12
1946,May,14
1946,May,15
1946,May,16
1946,May,17
1946,May,18
1946,May,19
1946,May,20
1946,May,21
1946,May,25
1946,May,26
1946,May,27
1946,May,31
1946,June,5
1946,June,7
1946,June,8
1946,June,9
1946,June,11
1946,June,12
1946,June,13
1946,June,15
1946,June,17
1946,June,18
1946,June,22
1946,June,23
1946,July,2
1946,July,3
1946,July,4
1946,July,5
1946,July,6
1946,July,7
1946,November,25
1946,November,26
1946,November,28
1946,December,3
1946,December,4
1946,December,7
1946,December,8
1946,December,9
1947,January,15
1947,January,17
1947,January,19
1947,January,26
1947,January,27
1947,January,28
1947,January,31
1947,February,1
1947,February,6
1947,February,8
1947,February,9
1947,February,11
1947,February,12
1947,February,13
1947,February,15
1947,February,17
1947,February,22
1947,February,23
1947,February,24
1947,March,1
1947,March,5
1947,March,6
1947,March,9
1947,March,10
1947,March,12
1947,April,14
1947,April,18
1947,April,19
1947,April,23
1947,April,24
1947,April,29
1947,April,30
1947,May,1
1947,May,2
1947,May,4
1947,May,6
1947,May,8
1947,May,9
1947,May,10
1947,May,11
1947,May,16
1947,May,17
1947,May,21
1947,May,22
1947,May,27
1947,May,29
1947,May,31
1947,June,2
1947,June,3
1947,June,4
1947,June,5
1947,June,7
1947,June,8
1947,June,12
1947,June,13
1947,June,23
1947,June,25
1947,June,26
1947,June,27
1948,January,17
1948,January,18
1948,January,22
1948,January,23
1948,January,27
1948,January,28
1948,January,29
1948,January,30
1948,January,31
1948,February,3
1948,February,4
1948,February,5
1948,February,6
1948,February,7
1948,February,13
1948,February,14
1948,February,15
1948,February,18
1948,February,20
1948,February,24
1948,February,25
1948,February,28
1948,February,29
1948,March,1
1948,March,2
1948,March,3
1948,March,4
1948,March,5
1948,March,6
1948,March,11
1948,March,12
1948,April,14
1948,April,19
1948,April,20
1948,April,21
1948,April,22
1948,April,23
1948,April,24
1948,April,25
1948,April,27
1948,April,28
1948,April,29
1948,April,30
1948,May,6
1948,May,10
1948,May,11
1948,May,12
1948,May,16
1948,May,17
1948,May,18
1948,May,19
1948,May,20
1948,May,21
1948,May,22
1948,May,23
1948,May,24
1948,May,25
1948,May,26
1948,May,27
1948,June,1
1948,June,2
1948,June,3
1948,June,12
1948,June,14
1948,June,15
1948,July,5
1948,July,9
1948,July,11
1948,July,12
1948,July,13
1948,July,14
1948,November,12
1948,November,13
1948,November,17
1948,November,18
1948,November,19
1948,November,23
1948,November,25
1948,November,26
1948,November,27
1948,November,28
1948,December,3
1948,December,4
1948,December,9
1948,December,10
1948,December,11
1948,December,14
1949,January,18
1949,January,19
1949,January,20
1949,January,21
1949,January,23
1949,January,24
1949,January,26
1949,February,2
1949,February,3
1949,February,4
1949,February,7
1949,February,8
1949,February,13
1949,February,15
1949,February,16
1949,February,17
1949,February,18
1949,February,20
1949,February,22
1949,February,24
1949,March,1
1949,March,2
1949,March,3
1949,May,13
1949,May,15
1949,May,16
1949,May,17
1949,May,22
1949,May,23
1949,May,24
1949,May,28
1949,May,29
1949,June,3
1949,June,4
1949,June,5
1949,June,7
1949,June,8
1949,June,9
1949,June,11
1949,June,12
1949,June,13
1949,June,14
1949,June,18
1949,June,19
1949,June,20
1949,June,30
1949,July,2
1949,July,4
1949,November,2
1949,November,3
1949,November,8
1949,November,9
1949,November,14
1949,November,15
1949,November,16
1949,November,17
1949,November,18
1949,November,20
1949,November,21
1949,November,22
1949,November,24
1949,November,29
1949,November,30
1949,December,5
1949,December,6
1949,December,12
1949,December,13
1949,December,14
1950,January,14
1950,January,16
1950,February,26
1950,March,3
1950,March,6
1950,March,7
1950,March,8
1950,March,9
1950,March,11
1950,March,13
1950,April,14
1950,April,15
1950,April,20
1950,April,21
1950,April,27
1950,April,29
1950,April,30
1950,May,1
1950,May,2
1950,May,3
1950,May,5
1950,May,6
1950,May,7
1950,May,13
1950,May,14
1950,May,18
1950,May,19
1950,May,25
1950,May,26
1950,May,27
1950,May,29
1950,May,30
1950,May,31
1950,June,1
1950,June,2
1950,June,3
1950,June,4
1950,June,8
1950,June,9
1950,June,10
1951,January,18
1951,January,19
1951,January,20
1951,January,25
1951,January,27
1951,January,28
1951,January,31
1951,February,1
1951,February,2
1951,February,3
1951,February,4
1951,February,9
1951,February,10
1951,February,14
1951,February,21
1951,February,22
1951,February,23
1951,April,18
1951,April,19
1951,April,20
1951,April,22
1951,April,23
1951,April,24
1951,April,25
1951,April,26
1951,April,27
1951,April,28
1951,May,3
1951,May,7
1951,May,8
1951,May,9
1951,May,14
1951,May,15
1951,May,16
1951,May,17
1951,May,18
1951,May,19
1951,May,20
1951,May,21
1951,May,23
1951,May,24
1951,May,25
1951,May,29
1951,May,30
1951,May,31
1951,June,10
1951,June,11
1951,June,12
1951,June,13
1951,June,14
1951,June,16
1951,June,17
1951,June,18
1951,June,19
1951,June,20
1951,June,21
1951,June,25
1951,June,26
1951,June,27
1951,July,8
1951,July,9
1951,July,10
1951,July,11
1951,July,13
1951,November,9
1951,November,10
1951,November,11
1951,November,15
1951,November,16
1951,November,21
1951,November,22
1951,November,24
1951,November,25
1951,November,26
1951,November,27
1951,December,2
1951,December,6
1951,December,7
1951,December,8
1951,December,11
1951,December,12
1951,December,13
1951,December,14
1952,January,15
1952,January,17
1952,January,18
1952,January,19
1952,January,20
1952,January,22
1952,January,23
1952,January,24
1952,January,30
1952,January,31
1952,February,1
1952,February,4
1952,February,5
1952,February,11
1952,February,13
1952,February,14
1952,February,16
1952,February,17
1952,February,18
1952,February,21
1952,February,22
1952,February,23
1952,February,26
1952,February,27
1952,February,28
1952,March,3
1952,March,4
1952,March,9
1952,March,10
1952,May,10
1952,May,11
1952,May,12
1952,May,13
1952,May,14
1952,May,15
1952,May,19
1952,May,20
1952,October,30
1952,October,31
1952,November,3
1952,November,4
1952,November,5
1952,November,10
1952,November,11
1952,November,13
1952,November,14
1952,November,19
1952,November,20
1952,November,22
1952,November,26
1952,November,27
1952,December,1
1952,December,2
1952,December,3
1952,December,9
1952,December,10
1952,December,11
1952,December,12
1952,December,13
1952,December,14
1953,January,19
1953,January,20
1953,January,21
1953,January,24
1953,January,25
1953,January,26
1953,January,31
1953,February,1
1953,February,2
1953,February,3
1953,February,4
1953,February,6
1953,February,7
1953,February,8
1953,February,10
1953,February,11
1953,February,12
1953,February,16
1953,February,17
1953,February,22
1953,February,28
1953,March,1
1953,March,4
1953,March,5
1953,March,7
1953,March,9
1953,March,11
1953,June,16
1953,June,18
1953,June,20
1953,June,21
1953,June,22
1953,June,24
1953,June,25
1953,June,26
1953,June,27
1953,June,28
1953,July,3
1953,July,8
1953,July,9
1953,July,14
1953,November,17
1953,November,18
1953,November,21
1953,November,22
1953,November,23
1953,November,27
1953,November,29
1953,November,30
1953,December,1
1953,December,2
1953,December,3
1953,December,9
1953,December,14
1954,February,27
1954,February,28
1954,March,1
1954,March,2
1954,March,6
1954,March,7
1954,March,11
1954,March,12
1954,April,15
1954,April,17
1954,April,19
1954,April,21
1954,April,23
1954,April,25
1954,April,26
1954,May,4
1954,May,5
1954,May,10
1954,May,11
1954,May,12
1954,May,14
1954,May,16
1954,May,18
1954,May,19
1954,May,20
1954,May,21
1954,May,22
1954,May,23
1954,May,27
1954,May,28
1954,June,1
1954,June,6
1954,June,7
1954,June,8
1954,June,9
1954,June,10
1954,June,12
1954,June,13
1954,June,14
1954,November,22
1954,November,23
1954,November,26
1954,November,27
1954,November,29
1954,November,30
1954,December,4
1954,December,5
1954,December,9
1954,December,10
1955,January,15
1955,January,16
1955,January,18
1955,January,19
1955,January,28
1955,January,29
1955,February,1
1955,February,2
1955,February,7
1955,February,8
1955,February,9
1955,February,10
1955,February,11
1955,February,13
1955,February,14
1955,February,15
1955,February,20
1955,February,24
1955,February,25
1955,March,2
1955,March,7
1955,March,10
1955,March,12
1955,April,15
1955,April,16
1955,April,20
1955,April,24
1955,April,25
1955,April,30
1955,May,1
1955,May,3
1955,May,4
1955,May,5
1955,May,7
1955,May,8
1955,May,10
1955,May,11
1955,May,12
1955,May,13
1955,May,18
1955,May,19
1955,May,22
1955,May,23
1955,May,28
1955,May,30
1955,May,31
1955,June,1
1955,June,2
1955,June,4
1955,June,5
1955,June,6
1955,June,7
1955,June,8
1955,June,9
1955,June,13
1955,June,14
1955,June,15
1955,June,24
1955,June,27
1955,November,26
1955,November,29
1955,November,30
1955,December,1
1955,December,6
1955,December,7
1955,December,8
1955,December,9
1955,December,10
1956,January,18
1956,January,19
1956,January,20
1956,January,23
1956,January,24
1956,January,25
1956,January,28
1956,January,29
1956,January,30
1956,January,31
1956,February,1
1956,February,4
1956,February,5
1956,February,7
1956,February,9
1956,February,14
1956,February,15
1956,February,16
1956,February,21
1956,February,25
1956,February,26
1956,February,27
1956,February,29
1956,March,1
1956,March,3
1956,March,4
1956,March,5
1956,March,6
1956,March,7
1956,March,8
1956,April,14
1956,April,15
1956,April,20
1956,April,21
1956,April,23
1956,April,24
1956,April,25
1956,April,26
1956,April,27
1956,April,29
1956,April,30
1956,May,1
1956,May,2
1956,May,7
1956,May,8
1956,May,12
1956,May,13
1956,May,17
1956,May,18
1956,May,19
1956,May,20
1956,May,22
1956,May,23
1956,May,24
1956,May,25
1956,May,26
1956,May,27
1956,May,28
1956,May,29
1956,June,3
1956,June,4
1956,June,13
1956,July,1
1956,July,6
1956,July,10
1956,July,11
1956,July,12
1956,July,13
1956,July,14
1956,November,15
1956,November,18
1956,November,19
1956,November,20
1956,November,24
1956,November,26
1956,November,27
1956,November,28
1956,November,29
1956,November,30
1956,December,5
1956,December,6
1956,December,11
1956,December,12
1957,January,14
1957,January,18
1957,January,19
1957,January,21
1957,January,22
1957,January,24
1957,January,25
1957,January,27
1957,February,3
1957,February,4
1957,February,5
1957,February,9
1957,February,14
1957,February,16
1957,February,17
1957,February,19
1957,February,21
1957,February,22
1957,February,24
1957,February,25
1957,February,26
1957,March,2
1957,May,11
1957,May,14
1957,May,15
1957,May,16
1957,May,17
1957,May,18
1957,May,19
1957,May,24
1957,May,25
1957,May,30
1957,June,4
1957,June,5
1957,June,6
1957,June,9
1957,June,10
1957,June,11
1957,June,12
1957,June,13
1957,June,14
1957,June,15
1957,June,20
1957,June,21
1957,June,22
1957,July,1
1957,July,2
1957,July,3
1957,July,5
1957,November,3
1957,November,4
1957,November,9
1957,November,10
1957,November,11
1957,November,15
1957,November,17
1957,November,18
1957,November,19
1957,November,22
1957,November,23
1957,November,24
1957,November,25
1957,November,26
1957,December,1
1957,December,2
1957,December,6
1957,December,7
1957,December,8
1957,December,14
1958,January,15
1958,January,16
1958,January,17
1958,February,5
1958,February,6
1958,February,7
1958,February,8
1958,February,10
1958,February,11
1958,February,13
1958,February,15
1958,February,20
1958,February,21
1958,February,22
1958,February,27
1958,February,28
1958,March,4
1958,March,7
1958,March,8
1958,March,9
1958,March,10
1958,March,12
1958,April,16
1958,April,22
1958,April,28
1958,April,29
1958,April,30
1958,May,1
1958,May,3
1958,May,4
1958,May,6
1958,May,7
1958,May,8
1958,May,9
1958,May,14
1958,May,15
1958,May,19
1958,May,20
1958,May,21
1958,May,26
1958,May,28
1958,May,30
1958,May,31
1958,June,1
1958,June,2
1958,June,3
1958,June,4
1958,June,5
1958,June,10
1958,June,11
1958,June,22
1958,June,24
1958,June,25
1958,December,13
1959,January,15
1959,January,16
1959,January,19
1959,January,20
1959,January,21
1959,January,22
1959,January,26
1959,January,27
1959,January,28
1959,January,29
1959,February,1
1959,February,2
1959,February,3
1959,February,4
1959,February,5
1959,February,10
1959,February,11
1959,February,12
1959,February,16
1959,February,23
1959,February,24
1959,February,27
1959,February,28
1959,March,1
1959,March,2
1959,March,3
1959,March,4
1959,March,5
1959,March,10
1959,March,11
1959,March,12
1959,April,14
1959,April,19
1959,April,20
1959,April,21
1959,April,22
1959,April,23
1959,April,24
1959,April,25
1959,April,26
1959,April,27
1959,April,28
1959,April,29
1959,May,5
1959,May,9
1959,May,10
1959,May,11
1959,May,16
1959,May,17
1959,May,18
1959,May,19
1959,May,20
1959,May,21
1959,May,22
1959,May,23
1959,May,24
1959,May,25
1959,May,26
1959,May,30
1959,May,31
1959,June,1
1959,June,12
1959,June,14
1959,June,15
1959,June,17
1959,June,18
1959,June,19
1959,June,20
1959,June,21
1959,June,22
1959,June,23
1959,June,27
1959,June,28
1959,July,9
1959,July,11
1959,July,12
1959,July,13
1959,July,14
1959,November,11
1959,November,12
1959,November,16
1959,November,17
1959,November,18
1960,January,17
1960,January,18
1960,January,19
1960,January,20
1960,January,21
1960,January,23
1960,January,24
1960,January,26
1960,January,31
1960,February,1
1960,February,2
1960,February,6
1960,February,7
1960,February,12
1960,February,13
1960,February,14
1960,February,15
1960,February,16
1960,February,17
1960,February,18
1960,February,20
1960,February,22
1960,February,24
1960,February,28
1960,February,29
1960,March,5
1960,March,6
1960,March,11
1960,March,12
1960,April,15
1960,April,16
1960,April,17
1960,April,18
1960,April,22
1960,April,23
1960,April,28
1960,April,29
1960,April,30
1960,May,5
1960,May,7
1960,May,8
1960,May,9
1960,May,12
1960,May,13
1960,May,14
1960,May,15
1960,May,16
1960,October,31
1960,November,1
1960,November,5
1960,November,6
1960,November,7
1960,November,12
1960,November,15
1960,November,16
1960,November,17
1960,November,19
1960,November,20
1960,November,21
1960,November,23
1960,November,27
1960,November,28
1960,December,2
1960,December,3
1960,December,4
1960,December,11
1960,December,12
1960,December,13
1960,December,14
1961,January,26
1961,January,27
1961,February,1
1961,February,2
1961,February,4
1961,February,5
1961,February,6
1961,February,8
1961,February,9
1961,February,11
1961,February,12
1961,February,13
1961,February,17
1961,February,18
1961,February,24
1961,March,1
1961,March,2
1961,March,3
1961,March,6
1961,March,7
1961,March,8
1961,March,10
1961,March,12
1961,April,18
1961,April,19
1961,April,24
1961,April,25
1961,April,26
1961,April,27
1961,April,28
1961,April,30
1961,May,2
1961,May,4
1961,May,5
1961,May,6
1961,May,11
1961,May,12
1961,June,20
1961,June,21
1961,June,22
1961,June,23
1961,June,24
1961,June,25
1961,June,26
1961,June,28
1961,June,29
1961,July,4
1961,July,9
1961,July,10
1961,July,15
1961,November,18
1961,November,19
1961,November,22
1961,November,23
1961,November,24
1961,December,1
1961,December,2
1961,December,3
1961,December,4
1961,December,5
1961,December,8
1961,December,10
1961,December,11
1962,March,1
1962,March,2
1962,March,3
1962,March,7
1962,March,8
1962,March,12
1962,March,13
1962,April,16
1962,April,17
1962,April,18
1962,April,20
1962,April,21
1962,April,22
1962,April,23
1962,April,24
1962,April,25
1962,April,26
1962,April,27
1962,May,5
1962,May,6
1962,May,7
1962,May,12
1962,May,14
1962,May,15
1962,May,16
1962,May,17
1962,May,18
1962,May,19
1962,May,20
1962,May,21
1962,May,22
1962,May,23
1962,May,24
1962,May,28
1962,May,29
1962,June,3
1962,June,8
1962,June,9
1962,June,10
1962,June,11
1962,June,12
1962,June,14
1962,June,15
1962,June,16
1962,June,18
1962,June,19
1962,June,20
1962,June,24
1962,June,25
1962,June,26
1962,July,6
1962,July,7
1962,July,8
1962,July,11
1962,November,21
1962,November,22
1962,November,23
1962,November,24
1962,November,25
1962,November,28
1962,November,29
1962,December,1
1962,December,5
1962,December,6
1962,December,7
1962,December,10
1962,December,11
1962,December,12
1963,January,15
1963,January,16
1963,January,18
1963,January,20
1963,January,21
1963,January,29
1963,January,30
1963,February,2
1963,February,3
1963,February,9
1963,February,11
1963,February,12
1963,February,14
1963,February,15
1963,February,16
1963,February,19
1963,February,21
1963,February,25
1963,February,26
1963,February,27
1963,April,15
1963,April,16
1963,April,17
1963,April,21
1963,April,25
1963,April,26
1963,May,1
1963,May,2
1963,May,4
1963,May,5
1963,May,7
1963,May,9
1963,May,11
1963,May,12
1963,May,13
1963,May,14
1963,May,19
1963,May,20
1963,May,23
1963,May,24
1963,May,25
1963,May,31
1963,June,1
1963,June,3
1963,June,5
1963,June,6
1963,June,8
1963,June,9
1963,June,10
1963,June,11
1963,June,15
1963,June,16
1963,June,19
1963,June,26
1963,June,28
1963,June,29
1963,June,30
1963,November,27
1963,November,30
1963,December,1
1963,December,2
1963,December,8
1963,December,9
1963,December,11
1963,December,13
1964,January,19
1964,January,20
1964,January,21
1964,January,24
1964,January,25
1964,January,26
1964,January,30
1964,February,1
1964,February,2
1964,February,3
1964,February,6
1964,February,7
1964,February,8
1964,February,9
1964,February,10
1964,February,11
1964,February,15
1964,February,16
1964,February,17
1964,February,22
1964,February,27
1964,February,28
1964,March,2
1964,March,3
1964,March,5
1964,March,7
1964,March,9
1964,May,14
1964,May,18
1964,May,20
1964,May,21
1964,May,22
1964,May,23
1964,May,24
1964,May,25
1964,May,26
1964,May,28
1964,May,29
1964,May,30
1964,May,31
1964,June,4
1964,June,5
1964,June,6
1964,July,1
1964,July,2
1964,July,7
1964,July,12
1964,July,13
1964,July,14
1964,November,16
1964,November,17
1964,November,20
1964,November,21
1964,November,25
1964,November,27
1964,November,28
1964,November,29
1964,November,30
1964,December,1
1964,December,7
1964,December,12
1964,December,13
1964,December,14
1965,January,14
1965,January,15
1965,January,19
1965,January,20
1965,January,21
1965,January,22
1965,January,26
1965,January,27
1965,January,29
1965,February,5
1965,February,6
1965,February,7
1965,February,10
1965,February,15
1965,February,17
1965,February,18
1965,February,20
1965,February,21
1965,February,23
1965,February,25
1965,February,27
1965,February,28
1965,May,9
1965,May,10
1965,May,11
1965,May,12
1965,May,14
1965,June,21
1965,June,22
1965,June,23
1965,July,2
1965,July,3
1965,July,4
1965,July,5
1965,July,6
1965,July,7
1965,November,5
1965,November,6
1965,November,10
1965,November,11
1965,November,12
1965,November,16
1965,November,19
1965,November,20
1965,November,21
1965,November,23
1965,November,25
1965,November,27
1965,November,28
1965,December,2
1965,December,3
1965,December,7
1965,December,8
1965,December,9
1966,January,14
1966,January,16
1966,January,17
1966,January,18
1966,January,31
1966,February,1
1966,February,6
1966,February,8
1966,February,9
1966,February,11
1966,February,12
1966,February,13
1966,February,14
1966,February,15
1966,February,16
1966,February,17
1966,February,22
1966,February,23
1966,February,24
1966,March,1
1966,March,5
1966,March,6
1966,March,7
1966,March,8
1966,March,9
1966,March,10
1966,March,11
1966,March,12
1966,April,18
1966,April,23
1966,April,24
1966,April,29
1966,April,30
1966,May,1
1966,May,2
1966,May,3
1966,May,5
1966,May,6
1966,May,8
1966,May,9
1966,May,10
1966,May,16
1966,May,17
1966,May,21
1966,May,22
1966,May,27
1966,May,29
1966,May,31
1966,June,2
1966,June,3
1966,June,4
1966,June,5
1966,June,6
1966,June,7
1966,June,11
1966,June,12
1966,June,13
1966,December,14
1967,January,16
1967,January,17
1967,January,18
1967,January,21
1967,January,22
1967,January,23
1967,January,27
1967,January,28
1967,January,29
1967,January,30
1967,January,31
1967,February,2
1967,February,3
1967,February,5
1967,February,7
1967,February,12
1967,February,13
1967,February,14
1967,February,18
1967,February,20
1967,February,24
1967,February,25
1967,February,28
1967,March,1
1967,March,2
1967,March,3
1967,March,4
1967,March,5
1967,March,6
1967,March,7
1967,March,11
1967,March,12
1967,March,13
1967,April,15
1967,April,20
1967,April,21
1967,April,22
1967,April,23
1967,April,24
1967,April,25
1967,April,26
1967,April,28
1967,April,29
1967,April,30
1967,May,6
1967,May,7
1967,May,10
1967,May,11
1967,May,12
1967,May,13
1967,May,17
1967,May,19
1967,May,20
1967,May,21
1967,May,22
1967,May,23
1967,May,24
1967,May,25
1967,May,26
1967,May,27
1967,May,28
1967,June,1
1967,June,2
1967,June,3
1967,June,13
1967,June,15
1967,June,16
1967,June,17
1967,June,18
1967,June,19
1967,June,20
1967,June,21
1967,June,22
1967,June,23
1967,June,24
1967,June,28
1967,June,29
1967,June,30
1967,July,5
1967,July,10
1967,July,11
1967,July,12
1967,July,13
1967,July,14
1967,July,15
1967,November,12
1967,November,13
1967,November,14
1967,November,18
1967,November,19
1967,November,24
1967,November,26
1967,November,27
1967,November,28
1967,November,29
1967,December,4
1967,December,5
1967,December,9
1967,December,10
1967,December,11
1967,December,15
1968,January,18
1968,January,19
1968,January,21
1968,January,22
1968,January,24
1968,January,25
1968,January,27
1968,February,2
1968,February,3
1968,February,4
1968,February,7
1968,February,8
1968,February,14
1968,February,16
1968,February,17
1968,February,19
1968,February,21
1968,February,23
1968,February,25
1968,February,29
1968,March,1
1968,March,2
1968,March,7
1968,March,8
1968,March,12
1968,April,14
1968,April,16
1968,April,17
1968,April,18
1968,April,19
1968,April,20
1968,April,24
1968,April,29
1968,April,30
1968,May,2
1968,May,6
1968,May,7
1968,May,8
1968,May,9
1968,May,13
1968,May,15
1968,May,16
1968,November,1
1968,November,2
1968,November,7
1968,November,8
1968,November,9
1968,November,13
1968,November,14
1968,November,16
1968,November,17
1968,November,18
1968,November,20
1968,November,21
1968,November,22
1968,November,24
1968,November,28
1968,November,29
1968,December,4
1968,December,5
1968,December,6
1968,December,12
1968,December,13
1968,December,14
1969,January,14
1969,January,16
1969,January,22
1969,January,23
1969,January,24
1969,January,27
1969,January,28
1969,January,29
1969,February,3
1969,February,4
1969,February,5
1969,February,6
1969,February,7
1969,February,9
1969,February,10
1969,February,12
1969,February,14
1969,February,18
1969,February,19
1969,February,20
1969,February,25
1969,February,26
1969,March,2
1969,March,3
1969,March,6
1969,March,7
1969,March,8
1969,March,9
1969,March,11
1969,March,13
1969,April,14
1969,April,19
1969,April,20
1969,April,21
1969,April,26
1969,April,27
1969,April,29
1969,April,30
1969,May,1
1969,May,2
1969,May,3
1969,May,5
1969,May,6
1969,May,7
1969,May,12
1969,May,13
1969,May,17
1969,May,18
1969,May,19
1969,May,26
1969,May,27
1969,May,28
1969,May,29
1969,May,30
1969,May,31
1969,June,1
1969,June,2
1969,June,3
1969,June,4
1969,June,7
1969,June,8
1969,June,9
1969,November,20
1969,November,24
1969,November,25
1969,November,26
1969,December,2
1969,December,3
1969,December,4
1969,December,5
1969,December,6
1969,December,11
1969,December,12
1970,February,22
1970,February,23
1970,February,26
1970,February,27
1970,February,28
1970,March,1
1970,March,2
1970,March,3
1970,March,4
1970,March,8
1970,March,9
1970,March,13
1970,April,18
1970,April,19
1970,April,20
1970,April,22
1970,April,23
1970,April,24
1970,April,25
1970,April,26
1970,April,27
1970,April,28
1970,May,3
1970,May,7
1970,May,8
1970,May,9
1970,May,13
1970,May,14
1970,May,15
1970,May,16
1970,May,17
1970,May,19
1970,May,21
1970,May,23
1970,May,24
1970,May,25
1970,May,29
1970,May,30
1970,May,31
1970,June,4
1970,June,10
1970,June,12
1970,June,13
1970,June,14
1970,June,15
1970,June,16
1970,June,17
1970,June,18
1970,June,19
1970,June,20
1970,June,21
1970,June,25
1970,June,26
1970,June,27
1970,June,30
1970,July,7
1970,July,8
1970,July,9
1970,July,10
1970,July,11
1970,July,12
1970,July,13
1970,November,24
1970,November,26
1970,December,2
1970,December,6
1970,December,7
1970,December,8
1970,December,11
1970,December,12
1970,December,13
1971,January,15
1971,January,16
1971,January,17
1971,January,18
1971,January,19
1971,January,20
1971,January,22
1971,January,24
1971,January,30
1971,January,31
1971,February,4
1971,February,5
1971,February,10
1971,February,11
1971,February,12
1971,February,13
1971,February,14
1971,February,16
1971,February,18
1971,February,21
1971,February,22
1971,February,23
1971,February,26
1971,February,27
1971,February,28
1971,March,4
1971,March,5
1971,March,10
1971,March,13
1971,April,16
1971,April,17
1971,April,18
1971,April,22
1971,April,27
1971,April,29
1971,May,3
1971,May,4
1971,May,6
1971,May,7
1971,May,8
1971,May,9
1971,May,11
1971,May,12
1971,May,13
1971,May,14
1971,May,15
1971,May,16
1971,May,20
1971,May,21
1971,May,25
1971,May,26
1971,May,31
1971,June,2
1971,June,3
1971,June,5
1971,June,7
1971,June,8
1971,June,9
1971,June,10
1971,June,11
1971,June,12
1971,June,16
1971,June,17
1971,June,20
1971,June,27
1971,June,28
1971,June,29
1971,June,30
1971,July,2
1971,October,31
1971,November,1
1971,November,4
1971,November,5
1971,November,6
1971,November,10
1971,November,11
1971,November,14
1971,November,20
1971,November,21
1971,November,23
1972,January,21
1972,January,22
1972,January,25
1972,January,26
1972,January,27
1972,January,31
1972,February,1
1972,February,2
1972,February,3
1972,February,4
1972,February,7
1972,February,8
1972,February,9
1972,February,10
1972,February,11
1972,February,12
1972,February,17
1972,February,18
1972,February,23
1972,February,28
1972,February,29
1972,March,1
1972,March,4
1972,March,5
1972,March,6
1972,March,7
1972,March,8
1972,March,9
1972,March,10
1972,March,11
1972,May,14
1972,May,15
1972,May,21
1972,May,22
1972,May,23
1972,May,25
1972,May,26
1972,May,27
1972,May,28
1972,May,29
1972,May,30
1972,May,31
1972,June,1
1972,June,5
1972,June,6
1972,June,7
1972,June,26
1972,June,27
1972,June,28
1972,July,3
1972,July,4
1972,July,8
1972,July,9
1972,July,13
1972,November,17
1972,November,18
1972,November,21
1972,November,22
1972,November,27
1972,November,29
1972,November,30
1972,December,1
1972,December,2
1972,December,3
1972,December,8
1972,December,9
1972,December,14
1973,January,28
1973,January,29
1973,January,30
1973,January,31
1973,February,6
1973,February,7
1973,February,8
1973,February,11
1973,February,18
1973,February,19
1973,February,22
1973,February,23
1973,February,24
1973,February,25
1973,February,26
1973,May,10
1973,May,11
1973,May,12
1973,May,13
1973,May,15
1973,May,16
1973,May,17
1973,May,18
1973,May,19
1973,May,20
1973,May,21
1973,May,22
1973,May,27
1973,May,28
1973,June,1
1973,June,6
1973,June,7
1973,June,8
1973,June,9
1973,June,10
1973,June,12
1973,June,13
1973,June,14
1973,June,16
1973,June,18
1973,June,23
1973,June,24
1973,June,25
1973,July,3
1973,July,4
1973,July,5
1973,July,6
1973,July,7
1973,July,8
1973,November,6
1973,November,7
1973,November,12
1973,November,13
1973,November,17
1973,November,18
1973,November,20
1973,November,21
1973,November,22
1973,November,25
1973,November,26
1973,November,27
1973,November,29
1973,December,4
1973,December,5
1973,December,9
1973,December,10
1974,January,15
1974,January,16
1974,January,28
1974,January,29
1974,March,7
1974,March,10
1974,March,11
1974,March,13
1974,April,14
1974,April,15
1974,April,19
1974,April,20
1974,April,24
1974,April,25
1974,April,30
1974,May,1
1974,May,2
1974,May,3
1974,May,5
1974,May,7
1974,May,9
1974,May,10
1974,May,11
1974,May,12
1974,May,17
1974,May,18
1974,May,22
1974,May,23
1974,May,30
1974,May,31
1974,June,1
1974,June,3
1974,June,4
1974,June,5
1974,June,6
1974,June,8
1974,June,9
1974,June,13
1974,June,14
1974,June,15
1974,June,24
1974,June,26
1974,June,27
1974,June,28
1974,December,8
1974,December,9
1974,December,10
1975,January,18
1975,January,19
1975,January,23
1975,January,24
1975,January,25
1975,January,28
1975,January,29
1975,January,30
1975,January,31
1975,February,1
1975,February,4
1975,February,5
1975,February,6
1975,February,7
1975,February,8
1975,February,14
1975,February,15
1975,February,16
1975,February,21
1975,February,25
1975,February,26
1975,February,27
1975,March,1
1975,March,2
1975,March,3
1975,March,4
1975,March,5
1975,March,6
1975,March,7
1975,March,8
1975,April,15
1975,April,16
1975,April,21
1975,April,22
1975,April,24
1975,April,25
1975,April,26
1975,April,27
1975,April,28
1975,April,29
1975,April,30
1975,May,1
1975,May,2
1975,May,8
1975,May,13
1975,May,14
1975,May,18
1975,May,20
1975,May,21
1975,May,23
1975,May,24
1975,May,25
1975,May,27
1975,May,28
1975,May,29
1975,June,3
1975,June,4
1975,June,5
1975,June,14
1975,June,16
1975,June,17
1975,June,18
1975,June,19
1975,June,20
1975,June,21
1975,June,22
1975,June,23
1975,June,24
1975,June,25
1975,June,30
1975,July,1
1975,July,2
1975,July,7
1975,July,11
1975,July,12
1975,July,13
1975,July,14
1975,July,15
1975,November,14
1975,November,15
1975,November,19
1975,November,20
1975,November,21
1975,November,25
1975,November,26
1975,November,27
1975,November,28
1975,November,29
1975,November,30
1975,December,1
1975,December,5
1975,December,6
1975,December,11
1975,December,12
1975,December,13
1976,January,15
1976,January,19
1976,January,20
1976,January,22
1976,January,23
1976,January,25
1976,January,26
1976,January,28
1976,February,4
1976,February,5
1976,February,9
1976,February,10
1976,February,15
1976,February,17
1976,February,18
1976,February,20
1976,February,22
1976,February,24
1976,February,26
1976,March,2
1976,March,3
1976,March,4
1976,March,9
1976,March,10
1976,November,3
1976,November,4
1976,November,9
1976,November,10
1976,November,15
1976,November,18
1976,November,19
1976,November,22
1976,November,23
1976,November,25
1976,November,30
1976,December,1
1976,December,6
1976,December,7
1976,December,14
1977,January,14
1977,January,15
1977,January,16
1977,January,17
1977,January,23
1977,January,24
1977,January,25
1977,January,29
1977,January,30
1977,February,4
1977,February,5
1977,February,6
1977,February,7
1977,February,8
1977,February,10
1977,February,11
1977,February,13
1977,February,15
1977,February,20
1977,February,21
1977,February,27
1977,March,4
1977,March,7
1977,March,8
1977,March,9
1977,March,10
1977,March,11
1977,March,12
1977,April,15
1977,April,16
1977,April,21
1977,April,22
1977,April,28
1977,April,30
1977,May,1
1977,May,3
1977,May,4
1977,May,6
1977,May,7
1977,May,8
1977,May,13
1977,May,14
1977,May,15
1977,May,19
1977,May,20
1977,June,24
1977,June,25
1977,November,21
1977,November,22
1977,November,25
1977,November,26
1977,November,27
1977,December,4
1977,December,5
1977,December,6
1977,December,7
1977,December,12
1977,December,13
1978,February,22
1978,February,23
1978,February,24
1978,February,27
1978,February,28
1978,March,1
1978,March,2
1978,March,3
1978,March,4
1978,March,5
1978,March,9
1978,March,10
1978,March,11
1978,April,18
1978,April,20
1978,April,21
1978,April,22
1978,April,23
1978,April,25
1978,April,26
1978,April,27
1978,April,28
1978,April,29
1978,May,4
1978,May,5
1978,May,8
1978,May,9
1978,May,10
1978,May,15
1978,May,17
1978,May,18
1978,May,19
1978,May,20
1978,May,21
1978,May,22
1978,May,23
1978,May,24
1978,May,25
1978,May,26
1978,May,30
1978,May,31
1978,June,1
1978,June,11
1978,June,12
1978,June,13
1978,June,14
1978,June,15
1978,June,17
1978,June,18
1978,June,19
1978,June,20
1978,June,21
1978,June,22
1978,November,15
1978,November,16
1978,November,17
1978,November,22
1978,November,23
1978,November,25
1978,November,26
1978,November,27
1978,November,28
1978,December,3
1978,December,4
1978,December,7
1978,December,8
1978,December,9
1978,December,12
1978,December,13
1978,December,14
1979,January,16
1979,January,18
1979,January,19
1979,January,21
1979,January,23
1979,January,24
1979,January,26
1979,January,31
1979,February,1
1979,February,2
1979,February,5
1979,February,6
1979,February,12
1979,February,14
1979,February,15
1979,February,17
1979,February,18
1979,February,20
1979,February,22
1979,February,24
1979,February,28
1979,March,1
1979,March,5
1979,March,6
1979,March,11
1979,March,12
1979,April,16
1979,April,17
1979,April,18
1979,April,19
1979,April,20
1979,April,23
1979,April,28
1979,April,29
1979,April,30
1979,May,5
1979,May,6
1979,May,8
1979,May,10
1979,May,13
1979,May,14
1979,May,15
1979,May,16
1979,May,17
1979,May,21
1979,May,22
1979,May,26
1979,May,27
1979,June,1
1979,June,2
1979,June,4
1979,June,5
1979,June,6
1979,June,8
1979,June,9
1979,June,11
1979,June,12
1979,June,13
1979,June,17
1979,June,18
1979,June,19
1979,June,29
1979,July,1
1979,July,2
1979,July,4
1979,November,1
1979,November,2
1979,November,5
1979,November,6
1979,November,7
1979,November,12
1979,November,13
1979,November,15
1979,November,16
1979,November,17
1979,November,20
1979,November,21
1979,November,22
1979,November,24
1979,November,28
1979,November,29
1979,December,3
1979,December,4
1979,December,5
1979,December,11
1979,December,12
1979,December,13
1979,December,14
1979,December,15
1980,January,15
1980,January,16
1980,January,22
1980,January,23
1980,January,26
1980,January,27
1980,January,28
1980,February,2
1980,February,3
1980,February,4
1980,February,5
1980,February,6
1980,February,8
1980,February,9
1980,February,10
1980,February,12
1980,February,13
1980,February,14
1980,February,18
1980,February,19
1980,February,24
1980,February,29
1980,March,1
1980,March,2
1980,March,5
1980,March,6
1980,March,8
1980,March,10
1980,March,12
1980,April,17
1980,April,18
1980,April,19
1980,April,24
1980,April,25
1980,April,26
1980,April,27
1980,April,28
1980,April,29
1980,April,30
1980,May,1
1980,May,2
1980,May,4
1980,May,5
1980,May,6
1980,May,11
1980,May,12
1980,June,25
1980,June,26
1980,June,27
1980,June,28
1980,June,29
1980,July,4
1980,July,5
1980,July,9
1980,July,10
1980,November,18
1980,November,19
1980,November,22
1980,November,23
1980,November,24
1980,November,28
1980,November,30
1980,December,1
1980,December,2
1980,December,3
1980,December,4
1980,December,10
1980,December,11
1981,January,16
1981,January,17
1981,January,18
1981,January,22
1981,January,25
1981,January,26
1981,January,29
1981,January,30
1981,February,1
1981,February,7
1981,February,8
1981,February,9
1981,February,12
1981,February,19
1981,February,20
1981,February,21
1981,February,23
1981,May,5
1981,May,6
1981,May,7
1981,May,11
1981,May,12
1981,May,13
1981,May,14
1981,May,15
1981,May,17
1981,May,19
1981,May,20
1981,May,21
1981,May,23
1981,May,24
1981,May,28
1981,May,29
1981,May,30
1981,June,3
1981,June,7
1981,June,8
1981,June,9
1981,June,10
1981,June,11
1981,June,13
1981,June,14
1981,June,15
1981,June,16
1981,June,17
1981,June,18
1981,June,19
1981,June,20
1981,June,24
1981,June,25
1981,June,26
1981,June,30
1981,July,5
1981,July,6
1981,July,7
1981,July,9
1981,July,10
1981,November,8
1981,November,13
1981,November,14
1981,November,18
1981,November,19
1981,November,21
1981,November,22
1981,November,23
1981,November,24
1981,November,28
1981,November,30
1981,December,1
1981,December,5
1981,December,6
1981,December,7
1981,December,10
1981,December,11
1981,December,12
1982,January,29
1982,January,30
1982,February,3
1982,February,4
1982,February,8
1982,February,9
1982,February,10
1982,February,11
1982,February,12
1982,February,14
1982,February,15
1982,February,16
1982,February,21
1982,February,25
1982,February,26
1982,February,27
1982,March,3
1982,March,4
1982,March,8
1982,March,11
1982,March,13
1982,April,14
1982,April,16
1982,April,17
1982,April,21
1982,April,25
1982,April,26
1982,April,27
1982,May,1
1982,May,2
1982,May,4
1982,May,5
1982,May,6
1982,May,8
1982,May,9
1982,May,11
1982,May,12
1982,May,13
1982,May,14
1982,May,19
1982,May,20
1982,May,23
1982,May,24
1982,May,25
1982,May,31
1982,June,1
1982,June,2
1982,June,3
1982,June,5
1982,June,6
1982,June,7
1982,June,8
1982,June,9
1982,June,10
1982,June,15
1982,June,16
1982,June,19
1982,June,25
1982,June,26
1982,June,27
1982,June,28
1982,December,8
1982,December,9
1982,December,11
1983,January,19
1983,January,20
1983,January,21
1983,January,24
1983,January,25
1983,January,26
1983,January,30
1983,February,1
1983,February,2
1983,February,5
1983,February,6
1983,February,8
1983,February,10
1983,April,16
1983,April,17
1983,April,22
1983,April,23
1983,April,24
1983,April,25
1983,April,26
1983,April,27
1983,April,28
1983,April,29
1983,May,1
1983,May,2
1983,May,3
1983,May,4
1983,May,9
1983,May,10
1983,May,14
1983,May,15
1983,May,19
1983,May,21
1983,May,22
1983,May,23
1983,May,24
1983,May,25
1983,May,26
1983,May,27
1983,May,28
1983,May,29
1983,May,30
1983,May,31
1983,June,5
1983,June,6
1983,June,15
1983,June,18
1983,June,19
1983,June,20
1983,June,21
1983,June,22
1983,June,23
1983,June,24
1983,June,25
1983,June,26
1983,June,27
1983,July,2
1983,July,3
1983,July,8
1983,July,13
1983,July,14
1983,November,17
1983,November,20
1983,November,21
1983,November,22
1983,November,26
1983,November,27
1983,November,28
1983,November,29
1984,January,15
1984,January,16
1984,January,20
1984,January,21
1984,January,22
1984,January,23
1984,January,26
1984,January,27
1984,January,29
1984,January,30
1984,February,5
1984,February,6
1984,February,7
1984,February,11
1984,February,16
1984,February,18
1984,February,19
1984,February,21
1984,February,22
1984,February,23
1984,February,24
1984,February,26
1984,February,27
1984,February,28
1984,March,3
1984,March,4
1984,March,5
1984,March,10
1984,March,11
1984,April,14
1984,April,16
1984,April,18
1984,April,20
1984,April,21
1984,April,22
1984,April,23
1984,May,2
1984,May,3
1984,May,4
1984,May,9
1984,May,10
1984,November,4
1984,November,5
1984,November,10
1984,November,11
1984,November,12
1984,November,16
1984,November,17
1984,November,19
1984,November,20
1984,November,21
1984,November,23
1984,November,24
1984,November,25
1984,November,26
1984,November,27
1984,December,1
1984,December,2
1984,December,7
1984,December,8
1984,December,9
1985,February,6
1985,February,8
1985,February,9
1985,February,11
1985,February,12
1985,February,14
1985,February,16
1985,February,21
1985,February,22
1985,February,23
1985,February,28
1985,March,1
1985,March,5
1985,March,6
1985,March,7
1985,March,8
1985,March,9
1985,March,10
1985,March,11
1985,March,12
1985,March,13
1985,April,17
1985,April,23
1985,April,24
1985,April,29
1985,April,30
1985,May,1
1985,May,2
1985,May,5
1985,May,7
1985,May,8
1985,May,9
1985,May,10
1985,May,15
1985,May,16
1985,May,20
1985,May,21
1985,May,22
1985,May,27
1985,May,29
1985,May,30
1985,May,31
1985,June,2
1985,June,3
1985,June,4
1985,June,5
1985,June,6
1985,June,10
1985,June,11
1985,June,12
1985,June,23
1985,June,25
1985,June,26
1985,June,27
1985,November,23
1985,November,27
1985,November,28
1985,November,29
1985,December,5
1985,December,6
1985,December,7
1985,December,8
1985,December,9
1985,December,14
1986,March,12
1986,March,13
1986,April,14
1986,April,15
1986,April,20
1986,April,21
1986,April,22
1986,April,23
1986,April,24
1986,April,25
1986,April,26
1986,April,28
1986,April,29
1986,April,30
1986,May,6
1986,May,10
1986,May,11
1986,May,12
1986,May,17
1986,May,18
1986,May,19
1986,May,20
1986,May,21
1986,May,22
1986,May,23
1986,May,24
1986,May,25
1986,May,27
1986,May,31
1986,June,1
1986,June,2
1986,June,13
1986,June,15
1986,June,16
1986,June,17
1986,June,18
1986,June,19
1986,June,20
1986,June,21
1986,June,22
1986,June,23
1986,June,24
1986,June,28
1986,June,29
1986,July,4
1986,July,5
1986,July,10
1986,July,12
1986,July,13
1986,July,14
1986,July,15
1986,November,13
1986,November,17
1986,November,18
1986,November,19
1986,November,24
1986,November,26
1986,November,27
1986,November,28
1986,November,29
1986,December,4
1986,December,5
1986,December,9
1986,December,10
1986,December,14
1987,January,17
1987,January,18
1987,January,19
1987,January,20
1987,January,21
1987,January,22
1987,January,24
1987,January,25
1987,January,27
1987,February,2
1987,February,3
1987,February,7
1987,February,8
1987,February,14
1987,February,15
1987,February,16
1987,February,17
1987,February,19
1987,February,21
1987,February,23
1987,February,25
1987,March,1
1987,March,2
1987,March,7
1987,March,8
1987,April,19
1987,April,20
1987,April,21
1987,April,25
1987,April,30
1987,May,2
1987,May,7
1987,May,9
1987,May,10
1987,May,14
1987,May,16
1987,May,17
1987,May,18
1987,May,22
1987,May,23
1987,May,24
1987,May,28
1987,May,29
1987,June,3
1987,June,4
1987,June,5
1987,June,6
1987,June,9
1987,June,10
1987,June,11
1987,June,12
1987,June,13
1987,June,14
1987,June,18
1987,June,19
1987,June,20
1987,June,30
1987,July,1
1987,July,2
1987,July,3
1987,July,5
1987,November,2
1987,November,3
1987,November,8
1987,November,9
1987,November,14
1987,November,17
1987,November,18
1987,November,19
1987,November,21
1987,November,22
1987,November,23
1987,November,25
1987,November,29
1987,November,30
1987,December,4
1987,December,5
1987,December,6
1987,December,13
1987,December,14
1987,December,15
1988,January,15
1988,January,17
1988,January,23
1988,January,24
1988,January,28
1988,January,29
1988,February,3
1988,February,4
1988,February,6
1988,February,7
1988,February,8
1988,February,10
1988,February,11
1988,February,13
1988,February,15
1988,February,19
1988,February,20
1988,February,21
1988,February,24
1988,February,25
1988,February,26
1988,March,2
1988,March,3
1988,March,6
1988,March,7
1988,March,8
1988,March,9
1988,March,11
1988,March,13
1988,April,14
1988,June,22
1988,June,23
1988,June,24
1988,June,25
1988,June,26
1988,June,27
1988,June,29
1988,June,30
1988,July,5
1988,July,6
1988,July,10
1988,July,11
1988,November,20
1988,November,23
1988,November,24
1988,November,25
1988,December,2
1988,December,3
1988,December,4
1988,December,5
1988,December,6
1988,December,11
1988,December,12
1989,January,14
1989,January,17
1989,January,18
1989,January,19
1989,January,23
1989,January,24
1989,January,26
1989,January,27
1989,January,28
1989,January,31
1989,February,1
1989,February,2
1989,February,3
1989,February,4
1989,February,9
1989,February,10
1989,February,13
1989,February,20
1989,February,21
1989,May,3
1989,May,6
1989,May,8
1989,May,13
1989,May,14
1989,May,15
1989,May,16
1989,May,17
1989,May,18
1989,May,19
1989,May,20
1989,May,21
1989,May,22
1989,May,23
1989,May,24
1989,May,25
1989,July,7
1989,July,8
1989,July,9
1989,July,12
1989,November,9
1989,November,10
1989,November,11
1989,November,14
1989,November,15
1989,November,20
1989,November,22
1989,November,23
1989,November,24
1989,November,25
1989,November,26
1989,December,2
1989,December,7
1989,December,8
1989,December,11
1989,December,12
1989,December,13
1990,January,24
1990,January,30
1990,January,31
1990,February,1
1990,February,4
1990,February,5
1990,February,10
1990,February,12
1990,February,13
1990,February,15
1990,February,16
1990,February,17
1990,February,20
1990,February,22
1990,February,26
1990,February,27
1990,February,28
1990,March,4
1990,March,5
1990,March,9
1990,March,10
1990,March,12
1990,March,13
1990,April,14
1990,April,16
1990,April,17
1990,April,18
1990,April,22
1990,April,27
1990,April,28
1990,May,3
1990,May,5
1990,May,6
1990,May,8
1990,May,10
1990,May,11
1990,May,13
1990,May,14
1990,May,15
1990,May,16
1990,May,20
1990,May,21
1990,May,25
1990,May,26
1990,May,30
1990,June,1
1990,June,2
1990,June,4
1990,June,6
1990,June,7
1990,June,9
1990,June,10
1990,June,11
1990,June,12
1990,June,16
1990,June,17
1990,June,18
1990,June,27
1990,June,29
1990,December,3
1990,December,9
1990,December,10
1990,December,11
1990,December,12
1990,December,14
1991,January,21
1991,January,22
1991,January,25
1991,January,26
1991,January,27
1991,January,31
1991,February,1
1991,February,2
1991,February,3
1991,February,4
1991,February,7
1991,February,8
1991,February,9
1991,February,10
1991,February,11
1991,February,12
1991,February,17
1991,February,18
1991,February,23
1991,February,28
1991,March,1
1991,March,4
1991,March,5
1991,March,6
1991,March,7
1991,March,9
1991,March,11
1991,May,15
1991,May,16
1991,May,22
1991,May,23
1991,May,24
1991,May,25
1991,May,26
1991,May,27
1991,May,28
1991,May,30
1991,May,31
1991,June,1
1991,June,2
1991,June,6
1991,June,7
1991,June,8
1991,June,16
1991,June,17
1991,June,18
1991,June,19
1991,June,20
1991,June,21
1991,June,22
1991,June,23
1991,June,24
1991,June,25
1991,June,26
1991,June,27
1991,June,28
1991,June,29
1991,July,4
1991,July,5
1991,July,9
1991,July,10
1991,July,14
1991,November,18
1991,November,19
1991,November,22
1991,November,23
1991,November,24
1991,November,27
1991,November,28
1991,November,29
1991,November,30
1991,December,1
1991,December,2
1991,December,3
1991,December,9
1991,December,14
1991,December,15
1992,January,16
1992,January,17
1992,January,21
1992,January,23
1992,January,24
1992,January,25
1992,January,26
1992,January,28
1992,January,29
1992,January,31
1992,February,7
1992,February,8
1992,February,9
1992,February,12
1992,February,19
1992,February,20
1992,February,22
1992,February,23
1992,February,25
1992,February,27
1992,February,29
1992,March,1
1992,March,5
1992,March,6
1992,March,7
1992,March,11
1992,March,12
1992,April,14
1992,April,15
1992,April,16
1992,April,18
1992,April,20
1992,April,21
1992,April,22
1992,April,23
1992,April,24
1992,May,4
1992,May,5
1992,May,6
1992,November,6
1992,November,7
1992,November,12
1992,November,13
1992,November,17
1992,November,18
1992,November,20
1992,November,21
1992,November,22
1992,November,24
1992,November,26
1992,November,28
1992,November,29
1992,December,3
1992,December,4
1992,December,8
1992,December,9
1992,December,10
1993,January,14
1993,January,15
1993,January,16
1993,January,17
1993,January,18
1993,January,19
1993,January,27
1993,January,28
1993,January,29
1993,February,1
1993,February,2
1993,February,7
1993,February,8
1993,February,9
1993,February,10
1993,February,12
1993,February,13
1993,February,14
1993,February,17
1993,February,18
1993,February,23
1993,February,24
1993,February,25
1993,March,2
1993,March,3
1993,March,7
1993,March,10
1993,March,11
1993,March,13
1993,April,14
1993,April,19
1993,April,24
1993,April,25
1993,April,30
1993,May,1
1993,May,2
1993,May,3
1993,May,5
1993,May,7
1993,May,9
1993,May,10
1993,May,11
1993,May,17
1993,May,18
1993,May,22
1993,May,23
1993,May,30
1993,May,31
1993,June,1
1993,June,3
1993,June,4
1993,June,5
1993,June,6
1993,June,7
1993,June,8
1993,June,12
1993,June,13
1993,June,14
1993,June,24
1993,June,26
1993,June,27
1993,June,28
1993,November,24
1993,November,25
1993,November,28
1993,November,29
1993,November,30
1993,December,1
1993,December,7
1993,December,8
1993,December,9
1993,December,10
1993,December,11
1994,February,14
1994,February,15
1994,February,19
1994,February,21
1994,February,25
1994,February,27
1994,March,1
1994,March,2
1994,March,3
1994,March,4
1994,March,5
1994,March,6
1994,March,7
1994,March,8
1994,March,12
1994,March,13
1994,April,14
1994,April,15
1994,April,16
1994,April,21
1994,April,22
1994,April,24
1994,April,25
1994,April,26
1994,April,27
1994,April,29
1994,April,30
1994,May,1
1994,May,7
1994,May,8
1994,May,12
1994,May,13
1994,May,14
1994,May,18
1994,May,20
1994,May,21
1994,May,22
1994,May,23
1994,May,24
1994,May,25
1994,May,26
1994,May,27
1994,May,28
1994,May,29
1994,June,2
1994,June,3
1994,June,4
1994,June,14
1994,June,15
1994,June,17
1994,June,18
1994,June,19
1994,June,20
1994,June,21
1994,June,22
1994,June,23
1994,June,24
1994,June,25
1994,June,29
1994,June,30
1994,July,1
1994,July,6
1994,July,11
1994,July,12
1994,July,13
1994,July,14
1994,July,15
1994,December,5
1994,December,6
1994,December,10
1994,December,11
1994,December,12
1995,January,19
1995,January,20
1995,January,21
1995,January,22
1995,January,23
1995,January,25
1995,January,26
1995,January,28
1995,February,3
1995,February,4
1995,February,5
1995,February,8
1995,February,9
1995,February,15
1995,February,17
1995,February,20
1995,February,21
1995,February,22
1995,February,24
1995,February,26
1995,March,2
1995,March,3
1995,March,4
1995,March,9
1995,March,10
1995,April,16
1995,April,18
1995,April,20
1995,April,21
1995,April,22
1995,April,26
1995,May,1
1995,May,2
1995,May,8
1995,May,9
1995,May,10
1995,May,11
1995,May,12
1995,May,15
1995,May,17
1995,May,18
1995,May,19
1995,May,23
1995,May,24
1995,May,25
1995,May,29
1995,May,30
1995,June,5
1995,June,6
1995,June,7
1995,June,8
1995,June,10
1995,June,11
1995,June,12
1995,June,13
1995,June,14
1995,June,15
1995,June,19
1995,June,20
1995,June,21
1995,July,2
1995,July,3
1995,July,4
1995,July,5
1995,July,7
1995,November,3
1995,November,4
1995,November,9
1995,November,10
1995,November,11
1995,November,15
1995,November,16
1995,November,18
1995,November,19
1995,November,20
1995,November,23
1995,November,24
1995,November,26
1995,November,30
1995,December,1
1996,January,15
1996,January,16
1996,January,17
1996,January,18
1996,January,24
1996,January,25
1996,January,26
1996,January,29
1996,January,30
1996,January,31
1996,February,5
1996,February,6
1996,February,7
1996,February,8
1996,February,9
1996,February,11
1996,February,12
1996,February,13
1996,February,14
1996,February,16
1996,February,20
1996,February,21
1996,February,22
1996,February,27
1996,February,28
1996,March,3
1996,March,4
1996,March,7
1996,March,8
1996,March,9
1996,March,10
1996,March,11
1996,March,13
1996,April,15
1996,April,16
1996,April,20
1996,April,21
1996,April,22
1996,April,27
1996,April,28
1996,April,30
1996,May,1
1996,May,3
1996,May,4
1996,May,6
1996,May,7
1996,May,8
1996,May,13
1996,May,14
1996,May,18
1996,May,19
1996,May,20
1996,May,25
1996,May,27
1996,May,28
1996,May,29
1996,May,30
1996,May,31
1996,June,1
1996,June,2
1996,November,21
1996,November,25
1996,November,26
1996,November,27
1996,December,3
1996,December,4
1996,December,5
1996,December,6
1996,December,7
1996,December,12
1996,December,13
1997,February,10
1997,February,11
1997,February,14
1997,February,15
1997,April,29
1997,May,3
1997,May,4
1997,May,5
1997,May,8
1997,May,9
1997,May,10
1997,May,14
1997,May,15
1997,May,16
1997,May,17
1997,May,18
1997,May,20
1997,May,21
1997,May,22
1997,May,23
1997,May,24
1997,May,26
1997,May,30
1997,May,31
1997,June,1
1997,June,11
1997,June,13
1997,June,14
1997,June,15
1997,June,16
1997,June,17
1997,June,18
1997,June,19
1997,June,20
1997,June,21
1997,June,22
1997,June,23
1997,June,26
1997,June,27
1997,June,28
1997,July,8
1997,July,10
1997,July,11
1997,July,12
1997,July,13
1997,July,14
1997,November,11
1997,November,12
1997,November,15
1997,November,16
1997,November,21
1997,November,22
1997,November,24
1997,November,25
1997,November,27
1997,December,3
1997,December,4
1997,December,8
1997,December,9
1997,December,12
1997,December,13
1997,December,14
1998,January,21
1998,January,23
1998,January,25
1998,January,31
1998,February,1
1998,February,2
1998,February,5
1998,February,6
1998,April,15
1998,April,17
1998,April,18
1998,April,19
1998,April,20
1998,April,28
1998,April,29
1998,April,30
1998,May,4
1998,May,5
1998,May,7
1998,May,9
1998,May,10
1998,May,13
1998,May,14
1998,May,15
1998,May,16
1998,May,17
1998,May,21
1998,May,22
1998,May,26
1998,May,27
1998,June,1
1998,June,3
1998,June,4
1998,June,6
1998,June,8
1998,June,9
1998,June,10
1998,June,11
1998,June,12
1998,June,13
1998,June,17
1998,June,18
1998,June,19
1998,June,28
1998,June,29
1998,June,30
1998,July,1
1998,July,3
1998,December,3
1998,December,4
1998,December,10
1998,December,11
1998,December,12
1998,December,14
1999,January,15
1999,January,22
1999,January,23
1999,January,26
1999,January,27
1999,January,28
1999,February,1
1999,February,2
1999,February,3
1999,February,4
1999,February,5
1999,February,7
1999,February,9
1999,February,11
1999,February,13
1999,February,18
1999,February,19
1999,February,20
1999,February,24
1999,March,1
1999,March,2
1999,March,3
1999,March,6
1999,March,7
1999,March,8
1999,March,10
1999,March,11
1999,March,12
1999,March,13
1999,April,24
1999,April,25
1999,April,26
1999,April,27
1999,April,28
1999,April,30
1999,May,2
1999,May,4
1999,May,5
1999,May,6
1999,May,7
1999,May,12
1999,May,13
1999,June,18
1999,June,20
1999,June,21
1999,June,22
1999,June,23
1999,June,25
1999,June,26
1999,June,28
1999,June,30
1999,July,5
1999,July,6
1999,July,10
1999,July,11
1999,July,15
1999,November,19
1999,November,20
1999,November,23
1999,November,24
1999,November,25
1999,November,29
1999,December,1
1999,December,2
1999,December,3
1999,December,4
1999,December,5
1999,December,10
1999,December,11
2000,January,17
2000,January,18
2000,January,19
2000,January,22
2000,January,23
2000,January,25
2000,January,26
2000,January,29
2000,January,30
2000,January,31
2000,February,1
2000,February,2
2000,February,8
2000,February,9
2000,February,10
2000,February,13
2000,February,20
2000,February,21
2000,February,24
2000,February,25
2000,February,26
2000,February,27
2000,February,28
2000,February,29
2000,March,1
2000,March,2
2000,March,7
2000,March,8
2000,March,12
2000,March,13
2000,April,15
2000,April,16
2000,April,17
2000,April,19
2000,April,21
2000,April,22
2000,April,23
2000,July,8
2000,July,9
2000,July,10
2000,November,8
2000,November,9
2000,November,13
2000,November,14
2000,November,18
2000,November,19
2000,November,21
2000,November,22
2000,November,23
2000,November,27
2000,November,30
2000,December,5
2000,December,6
2000,December,7
2000,December,10
2000,December,11
2000,December,12
2001,January,14
2001,January,15
2001,January,16
2001,January,17
2001,January,19
2001,January,28
2001,January,29
2001,January,30
2001,February,3
2001,February,4
2001,February,8
2001,February,9
2001,February,10
2001,February,11
2001,February,13
2001,February,14
2001,February,15
2001,February,20
2001,February,25
2001,February,26
2001,February,27
2001,March,3
2001,March,4
2001,March,8
2001,March,11
2001,March,12
2001,April,15
2001,April,16
2001,April,20
2001,April,21
2001,April,25
2001,April,26
2001,April,27
2001,May,1
2001,May,2
2001,May,4
2001,May,6
2001,May,8
2001,May,10
2001,May,11
2001,May,12
2001,May,13
2001,May,18
2001,May,19
2001,May,23
2001,May,24
2001,May,25
2001,November,26
2001,November,30
2001,December,1
2001,December,2
2001,December,8
2001,December,9
2001,December,11
2002,February,15
2002,February,16
2002,February,17
2002,February,22
2002,February,26
2002,February,27
2002,February,28
2002,March,2
2002,March,3
2002,March,5
2002,March,6
2002,March,7
2002,March,8
2002,March,9
2002,April,16
2002,April,17
2002,April,22
2002,April,23
2002,April,24
2002,April,25
2002,April,26
2002,April,27
2002,April,28
2002,April,29
2002,April,30
2002,May,1
2002,May,2
2002,May,3
2002,May,9
2002,May,14
2002,May,15
2002,May,19
2002,May,21
2002,May,22
2002,May,23
2002,May,24
2002,May,25
2002,May,26
2002,May,28
2002,May,29
2002,May,30
2002,June,4
2002,June,5
2002,June,6
2002,June,15
2002,June,16
2002,June,18
2002,June,19
2002,June,20
2002,June,21
2002,June,22
2002,June,23
2002,June,24
2002,June,25
2002,June,26
2002,July,1
2002,July,2
2002,November,15
2002,November,16
2002,November,20
2002,November,21
2002,November,22
2002,November,27
2002,November,29
2002,November,30
2002,December,1
2002,December,2
2002,December,7
2002,December,12
2002,December,13
2002,December,14
2003,January,15
2003,January,16
2003,January,20
2003,January,21
2003,January,22
2003,January,23
2003,January,26
2003,January,27
2003,January,29
2003,February,4
2003,February,5
2003,February,6
2003,February,10
2003,February,11
2003,February,18
2003,February,19
2003,February,21
2003,February,22
2003,February,23
2003,February,24
2003,February,26
2003,February,27
2003,February,28
2003,March,4
2003,March,5
2003,March,6
2003,March,10
2003,March,11
2003,March,12
2003,April,15
2003,April,17
2003,April,19
2003,April,21
2003,April,22
2003,April,23
2003,April,27
2003,May,3
2003,May,4
2003,May,5
2003,May,10
2003,May,11
2003,May,12
2003,May,13
2003,May,15
2003,May,16
2003,May,17
2003,May,18
2003,May,19
2003,May,20
2003,May,25
2003,May,26
2003,May,27
2003,May,31
2003,June,1
2003,June,6
2003,June,7
2003,June,8
2003,June,10
2003,June,11
2003,June,12
2003,June,13
2003,June,14
2003,June,15
2003,June,16
2003,June,17
2003,June,21
2003,June,22
2003,June,23
2003,July,3
2003,July,4
2003,July,5
2003,July,6
2003,July,7
2003,July,8
2003,November,5
2003,November,6
2003,November,11
2003,November,12
2003,November,17
2003,November,18
2003,November,20
2003,November,21
2003,November,22
2003,November,24
2003,November,25
2003,November,27
2003,November,28
2003,December,2
2003,December,3
2003,December,8
2003,December,9
2003,December,10
2004,January,15
2004,January,16
2004,January,18
2004,January,19
2004,January,25
2004,January,26
2004,January,27
2004,January,31
2004,February,1
2004,February,7
2004,February,9
2004,February,10
2004,February,12
2004,February,13
2004,February,14
2004,February,15
2004,February,17
2004,February,22
2004,February,23
2004,February,29
2004,March,5
2004,March,7
2004,March,8
2004,March,9
2004,March,10
2004,March,12
2004,April,16
2004,April,17
2004,April,22
2004,April,23
2004,April,29
2004,April,30
2004,May,1
2004,May,2
2004,May,3
2004,May,5
2004,May,6
2004,May,7
2004,May,8
2004,May,9
2004,May,10
2004,May,14
2004,May,15
2004,May,16
2004,May,20
2004,May,21
2004,May,27
2004,May,29
2004,May,30
2004,May,31
2004,June,23
2004,June,25
2004,June,26
2004,June,27
2004,November,22
2004,November,23
2004,November,26
2004,November,27
2004,November,28
2004,December,5
2004,December,6
2004,December,7
2004,December,8
2004,December,9
2004,December,14
2005,January,15
2005,January,16
2005,January,20
2005,January,21
2005,January,22
2005,January,27
2005,January,28
2005,January,29
2005,January,30
2005,January,31
2005,February,3
2005,February,4
2005,February,5
2005,February,6
2005,February,7
2005,February,11
2005,February,12
2005,February,13
2005,February,16
2005,April,28
2005,April,29
2005,April,30
2005,May,6
2005,May,9
2005,May,10
2005,May,11
2005,May,16
2005,May,18
2005,May,20
2005,May,21
2005,May,22
2005,May,23
2005,May,24
2005,May,25
2005,May,26
2005,May,27
2005,May,28
2005,May,31
2005,June,1
2005,June,2
2005,June,12
2005,June,13
2005,June,15
2005,June,16
2005,June,18
2005,June,19
2005,June,20
2005,June,21
2005,June,22
2005,June,23
2005,June,24
2005,June,28
2005,June,29
2005,July,10
2005,July,12
2005,July,13
2005,July,14
2005,July,15
2005,November,12
2005,November,13
2005,November,16
2005,November,17
2005,November,18
2005,November,23
2005,November,26
2005,November,27
2005,November,28
2005,November,29
2005,December,4
2005,December,5
2005,December,9
2005,December,10
2005,December,14
2006,January,19
2006,January,20
2006,January,22
2006,January,24
2006,January,25
2006,January,27
2006,February,1
2006,February,2
2006,February,3
2006,February,6
2006,February,7
2006,February,13
2006,February,15
2006,February,16
2006,February,18
2006,February,19
2006,February,21
2006,February,23
2006,February,25
2006,March,1
2006,March,2
2006,March,6
2006,March,7
2006,March,12
2006,March,13
2006,April,15
2006,April,17
2006,April,19
2006,April,20
2006,April,21
2006,April,25
2006,April,29
2006,April,30
2006,May,1
2006,May,6
2006,May,7
2006,May,8
2006,May,9
2006,May,14
2006,May,16
2006,May,17
2006,May,18
2006,May,22
2006,May,23
2006,May,24
2006,May,27
2006,May,28
2006,June,2
2006,June,3
2006,June,4
2006,June,5
2006,June,7
2006,June,8
2006,June,10
2006,June,12
2006,June,13
2006,June,14
2006,June,18
2006,June,19
2006,June,20
2006,June,30
2006,July,2
2006,July,3
2006,July,5
2006,December,12
2006,December,13
2006,December,14
2006,December,15
2007,January,15
2007,January,16
2007,January,17
2007,January,23
2007,January,24
2007,January,27
2007,January,28
2007,January,29
2007,February,3
2007,February,4
2007,February,5
2007,February,6
2007,February,7
2007,February,9
2007,February,10
2007,February,11
2007,February,13
2007,February,14
2007,February,15
2007,February,19
2007,February,20
2007,February,21
2007,February,25
2007,February,26
2007,March,2
2007,March,3
2007,March,4
2007,March,6
2007,March,7
2007,March,8
2007,March,10
2007,March,12
2007,April,15
2007,April,20
2007,April,21
2007,April,26
2007,April,29
2007,April,30
2007,May,1
2007,May,2
2007,May,3
2007,May,4
2007,May,6
2007,May,8
2007,May,13
2007,May,14
2007,June,21
2007,June,22
2007,June,23
2007,June,25
2007,June,27
2007,June,28
2007,June,30
2007,July,1
2007,July,6
2007,July,7
2007,July,11
2007,July,12
2007,November,21
2007,November,24
2007,November,25
2007,November,26
2007,December,2
2007,December,3
2007,December,4
2007,December,5
2007,December,6
2008,January,15
2008,January,18
2008,January,19
2008,January,20
2008,January,24
2008,January,27
2008,January,28
2008,January,31
2008,February,1
2008,February,3
2008,February,10
2008,February,11
2008,February,14
2008,February,21
2008,February,22
2008,February,23
2008,February,25
2008,February,26
2008,February,28
2008,February,29
2008,March,1
2008,March,2
2008,March,3
2008,March,4
2008,March,8
2008,March,9
2008,March,13
2008,April,17
2008,April,18
2008,April,19
2008,April,20
2008,April,21
2008,April,22
2008,April,23
2008,April,25
2008,April,26
2008,April,27
2008,April,28
2008,July,6
2008,July,8
2008,July,11
2008,November,9
2008,November,10
2008,November,11
2008,November,14
2008,November,15
2008,November,19
2008,November,20
2008,November,22
2008,November,23
2008,November,24
2008,November,25
2008,December,1
2008,December,2
2008,December,6
2008,December,7
2008,December,8
2008,December,11
2008,December,12
2008,December,13
2009,February,12
2009,February,13
2009,February,14
2009,February,15
2009,February,16
2009,February,20
2009,February,22
2009,February,26
2009,February,27
2009,February,28
2009,March,4
2009,March,5
2009,March,9
2009,March,10
2009,March,12
2009,March,13
2009,April,15
2009,April,16
2009,April,17
2009,April,18
2009,April,22
2009,April,27
2009,May,3
2009,May,5
2009,May,6
2009,May,7
2009,May,9
2009,May,12
2009,May,13
2009,May,14
2009,May,15
2009,May,20
2009,May,21
2009,May,25
2009,May,26
2009,May,30
2009,June,1
2009,June,2
2009,June,4
2009,June,6
2009,June,7
2009,June,8
2009,June,9
2009,June,11
2009,June,16
2009,June,17
2009,June,26
2009,June,27
2009,June,28
2009,June,29
2009,October,31
2009,November,4
2009,November,5
2009,November,6
2009,November,10
2009,November,11
2009,November,13
2009,November,19
2009,November,20
2009,November,22
2009,November,27
2009,November,28
2009,December,1
2009,December,2
2009,December,3
2009,December,9
2009,December,10
2009,December,12
2010,February,9
2010,February,11
2010,May,15
2010,May,16
2010,May,20
2010,May,22
2010,May,23
2010,May,24
2010,May,25
2010,May,26
2010,May,27
2010,May,28
2010,May,29
2010,May,30
2010,May,31
2010,June,1
2010,June,6
2010,June,7
2010,June,17
2010,June,18
2010,June,19
2010,June,20
2010,June,21
2010,June,22
2010,June,23
2010,June,24
2010,June,25
2010,June,26
2010,June,27
2010,June,28
2010,July,3
2010,July,4
2010,July,9
2010,July,10
2010,July,14
2010,November,17
2010,November,18
2010,November,22
2010,November,23
2010,November,24
2010,November,28
2010,November,30
2010,December,1
2010,December,2
2010,December,3
2010,December,8
2010,December,9
2010,December,14
2010,December,15
2011,January,16
2011,January,17
2011,January,21
2011,January,22
2011,January,23
2011,January,24
2011,January,25
2011,January,28
2011,January,29
2011,January,30
2011,January,31
2011,February,6
2011,February,7
2011,February,8
2011,February,12
2011,February,19
2011,February,20
2011,February,22
2011,February,23
2011,February,24
2011,February,25
2011,February,26
2011,February,28
2011,March,1
2011,March,5
2011,March,6
2011,March,7
2011,March,12
2011,March,13
2011,May,5
2011,May,6
2011,May,11
2011,May,12
2011,May,13
2011,May,14
2011,May,16
2011,May,18
2011,May,19
2011,May,20
2011,May,21
2011,May,22
2011,May,26
2011,May,27
2011,May,28
2011,June,2
2011,June,7
2011,June,8
2011,June,9
2011,June,11
2011,June,12
2011,June,14
2011,June,16
2011,June,17
2011,June,18
2011,June,23
2011,June,24
2011,June,25
2011,July,5
2011,July,6
2011,July,7
2011,July,8
2011,July,9
2011,November,6
2011,November,7
2011,November,12
2011,November,13
2011,November,14
2011,November,18
2011,November,19
2011,November,21
2011,November,22
2011,November,23
2011,November,25
2011,November,26
2011,November,27
2011,November,28
2011,November,29
2011,December,3
2011,December,4
2011,December,9
2011,December,10
2011,December,11
2012,January,15
2012,January,16
2012,January,17
2012,January,19
2012,January,20
2012,January,27
2012,January,28
2012,January,29
2012,February,2
2012,February,3
2012,February,8
2012,February,9
2012,February,10
2012,February,11
2012,February,13
2012,February,14
2012,February,15
2012,February,18
2012,February,23
2012,February,24
2012,February,25
2012,March,1
2012,March,2
2012,March,6
2012,March,7
2012,March,10
2012,March,11
2012,March,13
2012,April,14
2012,April,18
2012,April,19
2012,April,24
2012,April,25
2012,June,24
2012,June,25
2012,June,26
2012,June,27
2012,June,28
2012,November,24
2012,November,28
2012,November,29
2012,November,30
2012,December,7
2012,December,8
2012,December,9
2012,December,10
2013,January,16
2013,January,17
2013,January,18
2013,January,21
2013,January,22
2013,January,23
2013,January,24
2013,January,28
2013,January,29
2013,January,30
2013,January,31
2013,February,1
2013,February,4
2013,February,5
2013,February,6
2013,February,7
2013,February,8
2013,February,12
2013,February,13
2013,February,14
2013,April,24
2013,April,25
2013,April,26
2013,April,27
2013,April,28
2013,April,29
2013,April,30
2013,May,1
2013,May,7
2013,May,12
2013,May,13
2013,May,18
2013,May,20
2013,May,21
2013,May,23
2013,May,24
2013,May,25
2013,May,26
2013,May,27
2013,May,28
2013,May,29
2013,June,2
2013,June,3
2013,July,11
2013,July,12
2013,July,13
2013,July,15
2013,November,13
2013,November,14
2013,November,18
2013,November,19
2013,November,20
2013,November,25
2013,November,27
2013,November,28
2013,November,29
2013,November,30
2013,December,1
2013,December,5
2013,December,6
2013,December,10
2013,December,11
2013,December,12
2014,January,18
2014,January,19
2014,January,20
2014,January,21
2014,January,22
2014,January,23
2014,January,25
2014,January,26
2014,January,28
2014,February,3
2014,February,4
2014,February,8
2014,February,15
2014,February,16
2014,February,17
2014,February,20
2014,February,21
2014,February,22
2014,February,23
2014,February,24
2014,February,25
2014,February,26
2014,March,2
2014,March,3
2014,March,4
2014,March,8
2014,March,9
2014,April,16
2014,April,18
2014,April,20
2014,April,21
2014,April,22
2014,April,26
2014,May,1
2014,May,8
2014,May,10
2014,May,11
2014,May,12
2014,May,15
2014,May,17
2014,May,18
2014,May,19
2014,May,23
2014,May,24
2014,May,25
2014,May,29
2014,May,30
2014,June,4
2014,June,5
2014,June,6
2014,June,7
2014,June,8
2014,June,10
2014,June,11
2014,June,12
2014,June,13
2014,June,14
2014,June,15
2014,June,16
2014,June,19
2014,June,20
2014,June,21
2014,July,1
2014,July,2
2014,July,3
2014,July,4
2014,July,6
2014,July,7
2014,November,26
2014,November,27
2014,November,30
2014,December,1
2014,December,5
2014,December,6
2014,December,7
2014,December,14
2014,December,15
2015,January,16
2015,January,17
2015,January,18
2015,January,24
2015,January,25
2015,January,29
2015,January,30
2015,February,4
2015,February,5
2015,February,7
2015,February,8
2015,February,11
2015,February,12
2015,February,14
2015,February,16
2015,February,20
2015,February,21
2015,February,27
2015,March,4
2015,March,8
2015,March,9
2015,March,10
2015,March,11
2015,March,12
2015,April,16
2015,April,17
2015,April,21
2015,April,22
2015,April,27
2015,April,28
2015,April,30
2015,May,1
2015,May,3
2015,May,5
2015,May,7
2015,May,8
2015,May,9
2015,May,10
2015,May,14
2015,May,15
2015,May,19
2015,May,20
2015,May,25
2015,May,28
2015,May,29
2015,May,30
2015,May,31
2015,June,1
2015,June,2
2015,June,3
2015,June,4
2015,June,5
2015,June,6
2015,June,10
2015,June,11
2015,November,22
2015,November,23
2015,November,26
2015,November,27
2015,December,4
2015,December,5
2015,December,6
2015,December,7
2015,December,8
2015,December,13
2015,December,14
2016,January,15
2016,January,16
2016,January,19
2016,January,20
2016,January,21
2016,January,25
2016,January,26
2016,January,28
2016,January,29
2016,January,30
2016,February,2
2016,February,3
2016,February,4
2016,February,5
2016,February,6
2016,February,11
2016,February,12
2016,February,15
2016,February,16
2016,February,22
2016,February,23
2016,February,24
2016,February,27
2016,February,28
2016,March,1
2016,March,3
2016,March,4
2016,March,5
2016,March,9
2016,March,10
2016,March,11
2016,April,18
2016,April,19
2016,April,20
2016,April,22
2016,April,23
2016,April,24
2016,April,26
2016,April,27
2016,July,7
2016,July,8
2016,July,9
2016,July,10
2016,July,11
2016,July,12
2016,July,13
2016,November,11
2016,November,12
2016,November,15
2016,November,16
2016,November,21
2016,November,23
2016,November,24
2016,November,25
2016,November,26
2016,November,27
2016,December,3
2016,December,4
2016,December,8
2016,December,9
2016,December,12
2016,December,13
2016,December,14
2017,January,15
2017,January,16
2017,January,17
2017,January,18
2017,January,19
2017,January,20
2017,January,22
2017,January,23
2017,January,25
2017,January,31
2017,February,1
2017,February,2
2017,February,5
2017,February,6
2017,February,11
2017,February,13
2017,February,14
2017,February,16
2017,February,17
2017,February,18
2017,February,19
2017,February,21
2017,February,23
2017,February,28
2017,March,1
2017,March,5
2017,March,6
2017,March,10
2017,March,11
2017,March,13
2017,April,15
2017,April,17
2017,April,18
2017,April,19
2017,April,23
2017,April,28
2017,April,30
2017,May,4
2017,May,6
2017,May,7
2017,May,9
2017,May,12
2017,May,14
2017,May,15
2017,May,16
2017,May,17
2017,May,21
2017,May,22
2017,May,26
2017,May,27
2017,May,31
2017,June,1
2017,June,2
2017,June,3
2017,June,5
2017,June,7
2017,June,8
2017,June,10
2017,June,11
2017,June,12
2017,June,13
2017,June,17
2017,June,18
2017,June,19
2017,June,28
2017,June,30
2017,July,2
2017,November,11
2017,November,12
2017,November,14
2017,November,15
2017,November,19
2017,November,21
2017,November,23
2017,November,24
2017,November,28
2017,November,29
2017,December,3
2017,December,4
2017,December,10
2018,February,7
2018,February,8
2018,February,9
2018,February,10
2018,February,11
2018,February,12
2018,February,13
2018,February,18
2018,February,19
2018,February,20
2018,February,24
2018,February,25
2018,March,1
2018,March,2
2018,March,5
2018,March,6
2018,March,7
2018,March,8
2018,March,10
2018,March,12
2018,April,18
2018,April,19
2018,April,20
2018,April,24
2018,April,25
2018,April,26
2018,April,27
2018,April,28
2018,April,29
2018,April,30
2018,May,1
2018,May,2
2018,May,3
2018,May,4
2018,May,5
2018,May,6
2018,May,12
2018,May,13
2018,June,18
2018,June,19
2018,June,21
2018,June,22
2018,June,23
2018,June,24
2018,June,25
2018,June,26
2018,June,27
2018,June,28
2018,June,29
2018,July,5
2018,July,6
2018,July,10
2018,July,11
2018,July,15
2018,December,11
2018,December,15
2019,January,17
2019,January,18
2019,January,19
2019,January,22
2019,January,23
2019,January,25
2019,January,26
2019,January,29
2019,January,30
2019,January,31
2019,February,1
2019,February,8
2019,February,9
2019,February,10
2019,February,13
2019,February,20
2019,February,21
2019,February,23
2019,February,24
2019,February,26
2019,February,28
2019,March,2
2019,March,3
2019,March,7
2019,March,8
2019,March,9
2019,March,13
2019,April,16
2019,April,17
2019,April,18
2019,April,20
2019,April,22
2019,April,23
2019,April,24
2019,April,25
2019,April,26
2019,May,6
2019,May,7
2019,May,8
2019,May,12
2019,May,13
2019,May,14
2019,May,15
2019,May,16
2019,May,17
2019,May,19
2019,May,21
2019,May,22
2019,May,23
2019,May,24
2019,May,28
2019,May,29
2019,May,30
2019,June,3
2019,June,4
2019,June,8
2019,June,9
2019,June,10
2019,June,11
2019,June,12
2019,June,13
2019,June,14
2019,June,15
2019,June,16
2019,June,17
2019,June,18
2019,June,19
2019,June,24
2019,June,25
2019,June,26
2019,July,6
2019,July,7
2019,July,8
2019,July,9
2019,July,10
2019,November,8
2019,November,9
2019,November,14
2019,November,15
2019,November,19
2019,November,20
2019,November,22
2019,November,23
2019,November,24
2019,November,27
2019,November,28
2019,November,30
2019,December,1
2019,December,5
2019,December,6
2019,December,7
2019,December,10
2019,December,11
2019,December,12
2020,January,15
2020,January,16
2020,January,17
2020,January,18
2020,January,20
2020,January,29
2020,January,30
2020,January,31
2020,February,3
2020,February,4
2020,February,9
2020,February,10
2020,February,11
2020,February,12
2020,February,14
2020,February,15
2020,February,16
2020,February,21
2020,February,25
2020,February,26
2020,February,27
2020,March,3
2020,March,4
2020,March,8
2020,March,11
2020,March,12
2020,April,14
2020,April,15
2020,April,20
2020,April,25
2020,April,26
2020,April,27
2020,May,2
2020,May,4
2020,May,6
2020,May,8
2020,May,10
2020,May,11
2020,May,12
2020,May,17
2020,May,18
2020,May,19
2020,May,23
2020,May,24
2020,May,25
2020,June,13
2020,June,14
2020,June,15
2020,June,19
2020,June,25
2020,June,26
2020,June,27
2020,June,28
2020,November,25
2020,November,26
2020,November,29
2020,November,30
2020,December,1
2020,December,2
2020,December,8
2020,December,9
2020,December,11
2020,December,12
2021,April,22
2021,April,23
2021,April,24
2021,April,25
2021,April,26
2021,April,27
2021,April,28
2021,April,29
2021,April,30
2021,May,1
2021,May,2
2021,May,3
2021,May,8
2021,May,9
2021,May,13
2021,May,14
2021,May,15
2021,May,19
2021,May,21
2021,May,22
2021,May,23
2021,May,24
2021,May,25
2021,May,26
2021,May,27
2021,May,28
2021,May,29
2021,May,30
2021,June,3
2021,June,4
2021,June,5
2021,June,15
2021,June,16
2021,June,18
2021,June,19
2021,June,20
2021,June,21
2021,June,22
2021,June,23
2021,June,24
2021,June,25
2021,June,26
2021,June,30
2021,July,1
2021,July,2
2021,July,7
2021,July,13
2021,July,14
2021,July,15
2021,November,14
2021,November,15
2021,November,16
2021,November,19
2021,November,20
2021,November,21
2021,November,22
2021,November,26
2021,November,27
2021,November,29
2021,November,30
2021,December,1
2021,December,2
2021,December,6
2021,December,7
2021,December,11
2021,December,12
2021,December,13
2022,January,15
2022,January,20
2022,January,21
2022,January,22
2022,January,23
2022,January,24
2022,January,27
2022,January,28
2022,January,29
2022,February,4
2022,February,5
2022,February,6
2022,February,9
2022,February,10
2022,February,18
2022,February,19
2022,April,17
2022,April,19
2022,April,21
2022,April,22
2022,April,23
2022,April,27
2022,May,2
2022,May,3
2022,May,4
2022,May,9
2022,May,10
2022,May,11
2022,May,12
2022,May,13
2022,May,15
2022,May,16
2022,May,17
2022,May,18
2022,May,19
2022,May,20
2022,May,25
2022,May,26
2022,May,31
2022,June,6
2022,June,7
2022,June,8
2022,June,9
2022,June,11
2022,June,12
2022,June,13
2022,June,14
2022,June,15
2022,June,16
2022,June,17
2022,June,20
2022,June,21
2022,June,22
2022,July,3
2022,July,4
2022,July,5
2022,July,6
2022,July,7
2022,July,8
2022,November,24
2022,November,25
2022,November,27
2022,November,28
2022,December,2
2022,December,7
2022,December,8
2022,December,9
2023,January,15
2023,January,16
2023,January,18
2023,January,19
2023,January,25
2023,January,26
2023,January,27
2023,January,30
2023,January,31
2023,February,6
2023,February,7
2023,February,8
2023,February,9
2023,February,10
2023,February,12
2023,February,13
2023,February,14
2023,February,15
2023,February,16
2023,February,17
2023,February,22
2023,February,23
2023,February,28
2023,March,1
2023,March,5
2023,March,6
2023,March,9
2023,March,11
2023,March,13
2023,May,4
2023,May,6
2023,May,8
2023,May,9
2023,May,10
2023,May,11
2023,May,15
2023,May,16
2023,May,20
2023,May,21
2023,May,22
2023,May,27
2023,May,29
2023,May,30
2023,June,1
2023,June,3
2023,June,5
2023,June,6
2023,June,7
2023,June,11
2023,June,12
2023,June,23
2023,June,24
2023,June,26
2023,June,27
2023,November,23
2023,November,24
2023,November,27
2023,November,28
2023,November,29
2023,December,5
2023,December,6
2023,December,7
2023,December,8
2023,December,9
2023,December,11
2023,December,15
2024,January,16
2024,January,17
2024,January,20
2024,January,21
2024,January,22
2024,January,27
2024,January,28
2024,January,30
2024,January,31
2024,February,4
2024,February,6
2024,February,7
2024,February,8
2024,February,12
2024,February,13
2024,February,17
2024,February,24
2024,February,25
2024,February,26
2024,February,29
2024,March,1
2024,March,2
2024,March,3
2024,March,4
2024,March,5
2024,March,6
2024,March,7
2024,March,10
2024,March,11
2024,March,12
2024,April,18
2024,April,19
2024,April,20
2024,April,21
2024,April,22
2024,April,23
2024,April,24
2024,April,25
2024,April,26
2024,July,9
2024,July,11
2024,July,12
2024,July,13
2024,July,14
2024,July,15
2024,November,12
2024,November,13
2024,November,16
2024,November,17
2024,November,18
2024,November,22
2024,November,23
2024,November,25
2024,November,26
2024,November,28
2024,November,29
2024,December,4
2024,December,5
2024,December,9
2024,December,10
2024,December,14
